begin soma 0
	20
	301.664 261.089 825.865 0
	301.664 261.089 826.365 6.102
	301.664 261.089 826.865 8.4
	301.664 261.089 827.365 9.998
	301.664 261.089 827.865 11.2
	301.664 261.089 828.365 12.124
	301.664 261.089 828.865 12.831
	301.664 261.089 829.365 13.355
	301.664 261.089 829.865 13.717
	301.664 261.089 830.365 13.93
	301.664 261.089 830.865 14
	301.664 261.089 831.365 13.93
	301.664 261.089 831.865 13.717
	301.664 261.089 832.365 13.355
	301.664 261.089 832.865 12.831
	301.664 261.089 833.365 12.124
	301.664 261.089 833.865 11.2
	301.664 261.089 834.365 9.998
	301.664 261.089 834.865 8.4
	301.664 261.089 835.365 6.102
	301.664 261.089 835.865 0
end
begin axon 1
	parent s 0
	1
	301.664 261.089 835.865 8
	301.664 261.089 845.865 1
end
begin axon 2
	parent a 1
	1
	301.664 261.089 845.865 1
	301.664 261.089 860.865 1
end
begin axon 3
	parent a 2
	2
	301.664 261.089 860.865 0.75
	302.602 260.882 864.748 0.744
	301.323 263.271 867.691 0.738
end
begin axon 4
	parent a 3
	25
	301.323 263.271 867.691 0.738
	301.013 265.344 871.097 0.733
	299.94 266.414 874.799 0.727
	300.142 266.582 878.791 0.721
	300.726 267.219 882.696 0.715
	303.449 266.603 885.561 0.709
	304.819 264.802 888.859 0.704
	304.391 262.576 892.155 0.698
	302.999 264.542 895.348 0.692
	303.745 266.275 898.875 0.686
	302.811 265.74 902.728 0.681
	304.102 266.664 906.399 0.675
	303.697 264.875 909.953 0.669
	301.869 262.926 912.93 0.663
	303.019 260.687 916.039 0.657
	304.972 259.582 919.35 0.652
	305.714 260.531 923.164 0.646
	305.423 259.976 927.115 0.64
	306.673 260.267 930.903 0.634
	304.723 262.252 933.778 0.628
	304.081 262.081 937.722 0.623
	305.923 263.265 941.07 0.617
	305.809 260.967 944.342 0.611
	303.12 261.447 947.265 0.605
	303.077 260.457 951.14 0.599
	303.719 260.052 955.067 0.594
end
begin axon 5
	parent a 4
	2
	303.719 260.052 955.067 0.594
	303.587 260.015 959.065 0.588
	302.664 260.376 962.94 0.582
end
begin axon 6
	parent a 5
	11
	302.664 260.376 962.94 0.582
	301.492 259.684 966.702 0.576
	300.217 260.864 970.304 0.571
	300.239 262.595 973.911 0.565
	300.113 264.108 977.611 0.559
	301.329 264.923 981.334 0.553
	303.6 266.045 984.43 0.547
	304.419 266.795 988.272 0.542
	304.346 266.91 992.27 0.536
	304.872 265.403 995.938 0.53
	305.119 265.581 999.927 0.524
	305.045 267.863 1003.211 0.518
end
begin axon 7
	parent a 6
	2
	305.045 267.863 1003.211 0.518
	304.912 268.919 1007.067 0.513
	305.223 269.792 1010.958 0.507
end
begin axon 8
	parent a 7
	2
	305.223 269.792 1010.958 0.252
	304.995 272.349 1014.025 0.251
	306.299 273.104 1017.731 0.25
end
begin axon 9
	parent a 8
	25
	306.299 273.104 1017.731 0.25
	307.656 274.693 1021.142 0.249
	309.024 274.678 1024.9 0.248
	309.948 276.082 1028.531 0.247
	311.458 277.529 1031.94 0.246
	313.425 279.244 1034.972 0.245
	314.331 281.712 1037.986 0.244
	313.892 282.8 1041.81 0.243
	316.495 283.803 1044.677 0.242
	319.396 285.38 1046.935 0.241
	320.987 285.447 1050.604 0.24
	320.996 287.846 1053.806 0.239
	323.758 289.452 1056.211 0.238
	324.528 288.119 1059.903 0.237
	323.13 288.301 1063.647 0.236
	323.617 287.001 1067.398 0.235
	322.875 288.577 1070.999 0.234
	323.172 289.933 1074.75 0.233
	324.501 290.124 1078.518 0.232
	324.256 290.401 1082.501 0.231
	324.937 291.128 1086.375 0.23
	327.143 292.074 1089.575 0.229
	329.58 293.649 1092.329 0.228
	330.906 294.258 1096.053 0.227
	332.017 295.276 1099.758 0.226
	334.274 296.249 1102.914 0.225
end
begin axon 10
	parent a 7
	2
	305.223 269.792 1010.958 0.38
	302.724 270.378 1014.026 0.377
	304.298 271.543 1017.514 0.373
end
begin axon 11
	parent a 10
	25
	304.298 271.543 1017.514 0.373
	304.519 269.529 1020.963 0.37
	304.237 272.201 1023.926 0.367
	301.841 271.7 1027.089 0.363
	303.928 272.658 1030.364 0.36
	303.192 270.777 1033.817 0.357
	303.285 271.265 1037.786 0.353
	303.006 270.946 1041.763 0.35
	302.426 273.091 1045.089 0.347
	302.548 273.513 1049.065 0.343
	302.09 275.827 1052.295 0.34
	302.457 274.155 1055.911 0.337
	301.841 274.115 1059.863 0.333
	302.548 274.445 1063.786 0.33
	301.113 272.73 1067.102 0.327
	298.552 272.375 1070.155 0.323
	299.665 272.88 1073.963 0.32
	300.05 272.985 1077.943 0.317
	299.31 272.92 1081.874 0.313
	300.866 271.725 1085.359 0.31
	301.591 271.936 1089.287 0.307
	299.545 273.041 1092.542 0.303
	298.705 274.238 1096.265 0.3
	297.983 273.978 1100.191 0.297
	296.133 273.84 1103.735 0.293
	295.683 272.447 1107.457 0.29
end
begin axon 12
	parent a 11
	2
	295.683 272.447 1107.457 0.29
	297.299 273.95 1110.793 0.287
	298.75 273.702 1114.512 0.283
end
begin axon 13
	parent a 12
	23
	298.75 273.702 1114.512 0.283
	299.006 273.531 1118.5 0.28
	298.337 274.375 1122.353 0.277
	298.895 272.145 1125.626 0.273
	299.281 270.827 1129.383 0.27
	298.99 270.758 1133.372 0.267
	299.093 269.083 1137.003 0.263
	300.231 267.744 1140.596 0.26
	299.354 269.875 1143.866 0.257
	299.547 270.795 1147.754 0.253
	300.092 272.768 1151.19 0.25
	301.59 273.611 1154.802 0.247
	302.486 273.937 1158.687 0.243
	304.201 274.067 1162.298 0.24
	305.785 274.992 1165.853 0.237
	305.8 275.401 1169.832 0.233
	305.689 275.385 1173.83 0.23
	305.948 275.634 1177.814 0.227
	307.096 277.205 1181.309 0.223
	308.156 278.512 1184.938 0.22
	309.854 278.775 1188.55 0.217
	310.238 278.435 1192.517 0.213
	310.746 278.253 1196.48 0.21
	310.114 277.598 1200.375 0.207
end
begin axon 14
	parent a 13
	2
	310.114 277.598 1200.375 0.207
	308.744 275.58 1203.546 0.203
	310.886 274.129 1206.596 0.2
end
begin axon 15
	parent a 9
	2
	334.274 296.249 1102.914 0.225
	335.528 297.312 1106.561 0.225
	336.451 300.642 1108.574 0.224
end
begin axon 16
	parent a 15
	22
	336.451 300.642 1108.574 0.224
	337.747 303.576 1110.965 0.223
	341.229 304.547 1112.678 0.222
	342.143 305.832 1116.354 0.221
	343.145 304.439 1119.967 0.22
	342.528 304.138 1123.908 0.219
	344.112 307.004 1126.206 0.218
	344.321 308.635 1129.852 0.217
	344.978 309.579 1133.683 0.216
	345.829 310.751 1137.412 0.215
	344.879 310.681 1141.297 0.214
	348.045 311.697 1143.52 0.213
	348.245 313.532 1147.069 0.212
	349.971 314.573 1150.524 0.211
	352.101 315.632 1153.739 0.21
	353.049 319.039 1155.61 0.209
	353.985 320.615 1159.165 0.208
	355.016 321.718 1162.869 0.207
	356.207 322.756 1166.544 0.206
	359.687 323.264 1168.45 0.205
	363.16 323.69 1170.387 0.204
	364.337 324.877 1174.021 0.203
	365.087 325.929 1177.807 0.202
end
begin axon 17
	parent a 16
	2
	365.087 325.929 1177.807 0.202
	365.694 326.891 1181.642 0.201
	366.851 327.89 1185.338 0.2
end
begin dendrite 18
	parent s 0
	17
	301.664 261.089 835.865 3
	301.32 263.609 837.563 2.882
	304.606 267.109 837.888 2.765
	306.708 268.652 840.796 2.647
	309.13 272.898 844.174 2.529
	312.428 275.244 847.069 2.412
	312.354 279.05 851.521 2.294
	313.318 282.182 852.576 2.176
	314.294 285.105 855.344 2.059
	317.687 286.8 860.008 1.941
	320.82 290.23 863.156 1.824
	322.862 292.888 866.01 1.706
	323.359 296.514 865.918 1.588
	321.975 299.24 870.093 1.471
	326.039 299.991 871.492 1.353
	329.163 301.713 873.632 1.235
	333.722 303.9 878.103 1.118
	334.308 307.258 882.24 1
end
begin dendrite 19
	parent d 18
	2
	334.308 307.258 882.24 1
	329.505 307.672 879.461 1
	328.053 310.161 878.033 1
end
begin dendrite 20
	parent d 18
	3
	334.308 307.258 882.24 1
	334.233 307.872 886.793 1
	330.875 310.578 888.66 1
	329.589 312.874 891.237 1
end
begin dendrite 21
	parent d 20
	12
	329.589 312.874 891.237 1
	332.291 312.691 894.18 1
	331.855 313.847 899.87 1
	333.274 318.051 903.204 1
	333.323 319.665 905.93 1
	333.768 319.693 912.311 1
	334.852 321.549 915.403 1
	335.969 325.025 917.945 1
	336.042 327.445 922.166 1
	335.163 328.046 926.573 1
	338.315 329.035 930.099 1
	339.135 331.046 935.779 1
	341.956 332.174 939.301 1
end
begin dendrite 22
	parent d 20
	9
	329.589 312.874 891.237 1
	328.944 314.198 893.658 1
	327.57 314.957 895.816 1
	327.664 317.058 898.501 1
	325.394 318.816 900.888 1
	323.761 320.102 902.409 1
	323.759 321.383 907.599 1
	324.553 321.126 911.594 1
	322.806 323.012 916.456 1
	323.719 326.402 921.556 1
end
