  65.708  89.637   12.54 138.868  -36.691 150.943   37.62 -112.801  39.872 -108.711  -18.062 -179.595  10.564 199.361  -75.996 -197.316   -9.883
   65.75  90.026  12.447 139.245  -36.939 151.051  37.605 -111.924  40.025 -107.031   -17.88 -178.235   10.52 199.392  -76.915 -195.472  -10.003
  65.792  90.444  12.152 138.981  -37.356 151.771  37.766 -111.357  40.604 -105.858  -17.484 -176.672   10.52 199.398  -77.713 -193.791  -10.152
  65.833  90.753  12.191 139.505  -37.634 151.967  37.632 -110.814  40.872 -104.091  -17.132 -175.567  10.502 198.815  -77.991 -192.082  -10.598
  65.875  91.496  11.776 139.773  -37.793 152.619  37.761 -109.961  41.031 -102.623  -16.891 -173.713  10.001 198.538  -78.924 -190.057  -10.878
  65.917  91.728  11.653 139.699  -38.439 152.932  37.648 -109.556  41.245 -100.948  -16.847 -172.442   9.782 198.379    -79.9 -188.132  -11.498
  65.958  92.095  11.646 139.795  -38.691 153.326  37.573 -108.804  41.646  -99.757  -16.278 -171.075   9.531 198.168  -80.888 -186.313  -11.809
      66  92.516  11.436 139.652  -39.205 153.888  37.635 -107.927  41.848  -98.211  -16.227 -169.701   9.467 197.389  -81.418 -184.379   -12.14
  66.042  92.713  11.475 139.755   -39.71 154.081  37.534 -107.647  41.972   -96.61  -15.875 -168.424   9.419 197.109   -82.25 -182.442  -12.623
  66.083  92.966  11.501 139.606  -40.133 154.769   37.69 -106.858  42.236  -94.927  -15.821 -167.284    9.33 196.381  -82.976 -180.582  -13.482
  66.125  93.173  11.381 139.402  -40.559 154.965  37.614 -106.409   42.38  -93.837  -15.205 -165.823   8.757 196.016    -84.1 -178.491   -13.84
  66.167  93.611  11.444 139.149  -40.995 155.675  37.724 -105.862  42.819  -92.413  -14.964 -164.637   8.556 195.386  -84.974 -176.613  -14.412
  66.208  93.766  11.528 138.825  -41.582 156.015  37.605 -105.224   42.89  -90.829  -14.998 -163.536   8.279 194.629   -85.75 -174.591  -15.034
   66.25  93.992  11.659  138.43  -41.893 156.369  37.519 -104.694  42.989  -89.558  -14.671 -162.089   7.805 193.389  -86.392 -172.745  -15.615
  66.292  94.342  11.611 138.075  -42.525 156.935  37.627 -104.037  43.225  -88.479   -14.18  -160.69   7.525 192.491  -87.145 -171.072  -15.783
  66.333  94.532  11.644 137.617  -42.868 157.186  37.554 -103.667  43.069  -86.934  -14.067 -159.548   7.228 191.459  -88.103 -169.263  -16.423
  66.375  94.766  11.782 137.085  -43.471 157.895   37.66 -102.864  43.443  -85.545  -13.806 -158.066   6.661 190.458  -89.027 -167.505  -17.078
  66.417  94.799  12.209 136.576  -43.716 158.047  37.612 -102.554  43.738  -84.518  -13.187  -156.75   6.446 189.446  -89.961  -165.56  -17.744
  66.458  95.182  12.256  136.16  -44.361  158.92  37.653 -101.904  43.861  -82.796  -13.098 -155.331   5.884 188.413  -90.988 -164.092  -17.851
    66.5  95.443  12.467 135.517  -44.803 159.125  37.575 -101.489  43.925  -81.545  -12.838 -154.261   5.496  187.29  -92.022 -162.303  -18.798
  66.542  95.664  12.704 134.907  -45.089 159.831  37.701 -100.904  44.102  -80.543   -12.24 -153.357   5.204 186.097   -93.11 -160.628  -19.196
  66.583  96.085  12.855 134.411  -45.607 160.273  37.563 -100.522   44.04  -78.871  -12.108 -151.808   4.567 184.943  -94.171 -159.183  -19.112
  66.625  95.926  13.279 133.739  -45.875 160.819  37.769  -99.911  44.211  -77.401  -11.719 -150.697   4.267 183.605  -94.876 -157.365  -19.949
  66.667  96.429  13.429 133.032  -46.273 161.134  37.613  -99.546  44.081  -76.498  -11.249 -149.361   3.702  182.34  -95.939 -155.429  -20.731
  66.708  96.668  13.621 132.202  -46.712 161.817  37.717  -98.845  44.168  -74.972  -11.155 -148.235    3.46 180.952  -96.976 -154.131  -20.892
   66.75  96.904  13.827 131.091  -47.073 162.054  37.653  -98.467  44.087  -73.449   -10.83 -146.799   2.692 179.437   -97.87 -152.254  -21.727
  66.792  97.347  13.752 130.384  -47.515 162.766  37.791  -97.891  44.051  -72.369   -10.19 -145.626   2.425 178.113  -99.011  -150.66  -22.347
  66.833  97.484   14.18 129.619  -47.776 163.112  37.661  -97.337  44.028  -70.779  -10.025 -144.307    1.81 176.376  -99.925 -148.507  -22.943
  66.875  97.731  14.561 128.623  -48.109 163.731  37.973  -96.834  44.173  -69.777   -9.354 -143.274   1.494 174.866 -100.977  -146.49  -23.695
  66.917  98.351  14.641 127.928  -48.564 164.009  37.692  -96.262  44.068  -68.088   -9.107 -141.737   0.632 173.334 -101.936 -145.007  -23.776
  66.958  98.672  14.983 126.816  -48.826 164.543  37.953  -95.581  44.133  -66.539   -8.719 -140.613   0.453 171.493 -102.711 -143.433  -24.206
      67  98.815  15.318 126.158  -49.237 165.052  37.648  -94.895   44.04  -65.439   -8.159 -139.012   -0.364  169.74 -103.763 -141.375   -24.86
  67.042  99.272  15.394 124.886  -49.739 165.686  37.821  -94.281  43.976  -63.851   -7.998 -137.708   -0.615 167.893  -105.13 -139.317  -25.542
  67.083  99.746  15.635 123.829  -49.938 165.977  37.724  -93.636  44.093  -62.656   -7.257 -136.129   -1.248 166.138 -106.062  -137.67  -26.156
  67.125 100.151  15.667 123.048  -50.309 166.305  37.666  -92.889  44.014  -61.203   -7.028 -135.106   -1.653 164.254 -107.039 -135.583  -26.892
  67.167 100.731  15.912  121.96  -50.744 166.873  37.761  -92.113  43.966  -59.836    -6.31 -133.629   -2.374 162.202 -108.112 -134.044   -26.89
  67.208 100.911   16.28 120.948  -50.955 167.211  37.646  -91.573  43.989  -58.092   -6.005 -132.529   -2.657 160.065 -109.202  -132.03  -27.534
   67.25 101.491  16.364  120.03   -51.52 167.875  37.755   -90.82  43.945  -56.767   -5.322 -130.854   -3.434 157.757 -110.153 -130.421  -28.043
  67.292 101.834  16.566 118.951   -51.71 168.936  38.141  -89.962  43.928  -55.185   -5.009 -129.575   -3.743 155.391 -111.075 -128.287  -28.805
  67.333 102.332   16.58 117.803  -52.082 168.802  38.058  -89.499  43.929  -53.958   -4.349 -128.248   -4.363 152.822 -111.926  -126.42  -29.044
  67.375 102.769  16.704 116.897  -52.597 169.872  38.491   -88.77  43.904  -52.328    -3.89 -126.801   -4.908   150.5 -112.525 -124.349  -29.831
  67.417 103.479  16.646 115.843  -52.786 169.856  38.074  -87.833  43.913  -50.807   -3.361 -125.291   -5.459 148.147 -113.499 -122.491  -30.205
  67.458 103.793  16.713 114.758  -53.323 170.839  38.466  -87.019  43.866  -49.394   -2.907 -123.758   -6.146 142.109 -110.756 -120.351  -30.819
    67.5 104.445   16.61 113.675  -53.691  171.09  38.187  -86.292  43.777  -47.647   -2.635 -122.342   -6.745 139.255 -110.827 -118.255  -31.597
  67.542 104.876  17.038 112.183  -53.886 171.538   38.77  -85.561  43.843  -46.573   -2.101  -120.69   -7.447 136.237 -110.977 -116.521  -32.062
  67.583 105.436  16.591 110.726  -54.375     172  38.606  -84.768  43.817  -44.828   -1.829 -119.092   -8.336 133.626  -111.64 -114.261  -32.761
  67.625 105.813  16.691 109.208  -54.742  172.69  38.722  -83.878  43.719  -43.721    -1.22 -117.396   -9.029 130.452 -111.734 -112.157  -33.529
  67.667  106.49  16.547 107.715   -54.75 172.947  38.625  -83.058  43.728  -42.008    -0.96 -115.952   -9.763 127.126 -112.005 -110.368  -33.964
  67.708 106.758  16.621 106.018  -54.823 173.469  38.763  -82.251  43.673  -40.776   -0.277 -114.325  -10.505 123.568 -111.987 -108.313  -34.746
   67.75 107.444  16.501 104.202  -54.783 173.921  38.633  -81.525  43.468  -39.156   -0.011 -112.676  -11.409 119.999 -112.413  -106.22  -35.537
  67.792 107.735   16.59 102.141  -54.671 174.269  38.552  -80.721  43.403  -37.733   0.486 -111.068  -12.291  116.22 -112.672 -104.396  -36.103
  67.833 108.282  16.502  99.995  -54.524 174.762   38.71  -79.915  43.427   -36.23   1.015 -109.492  -13.246 112.464 -112.695 -102.311  -36.877
  67.875 108.713  16.566  97.903  -54.223 175.038  38.611  -78.987  43.099  -34.758   1.241 -107.828  -14.265 108.715 -112.773 -100.098  -37.543
  67.917 109.079  16.588  95.923  -53.846 175.674  38.708  -78.205  42.863  -33.453   1.744 -106.449  -14.912 105.231 -112.605  -98.325  -38.032
  67.958  109.52  16.457  93.825  -53.139 176.015    38.6  -77.558  42.806  -32.235   2.133 -104.702  -15.862 101.516 -112.367  -96.266   -38.86
      68 109.711  16.465  91.607  -52.469 176.401  38.455  -76.798  42.571  -30.951    2.51 -103.266  -16.639  97.916 -112.382  -94.056  -39.658
  68.042 109.918  16.527  89.242  -51.703 176.794  38.708   -75.92   42.19  -29.642   2.959 -101.545  -17.572  94.239 -111.931  -91.666  -40.841
  68.083 110.275  16.424  86.839  -50.844 176.954  38.616  -75.108  41.905    -28.4   3.276  -99.723   -18.56  90.669 -111.855    -89.4  -41.687
  68.125 110.629  16.481  84.498  -50.132 177.616  38.776  -74.484  41.774  -27.339   3.664  -98.168  -19.552  87.267 -111.502  -87.692  -42.335
  68.167 110.731  16.525  82.696  -49.337 177.917  38.681  -73.814  41.315  -26.147    4.06  -96.688  -20.596  83.882 -111.073  -85.359  -42.969
  68.208 110.776  16.491  80.635  -48.712 178.115  38.576  -72.979  40.928  -24.787   4.235  -94.971  -21.598  80.476 -110.584  -83.306  -43.805
   68.25 110.774  16.471  78.751  -47.923 178.717  38.795  -72.555  40.682  -23.593    4.73  -93.334   -22.55  77.047 -110.197  -81.067   -44.46
  68.292 110.785  16.471  76.858   -47.16 178.994  38.624  -71.724  40.515  -22.536   5.013   -91.61  -23.635  73.638 -109.451  -79.303  -45.047
  68.333  110.73  16.483  75.321  -46.442 179.222  38.567  -71.024  40.089  -21.514   5.565  -90.076  -24.613  70.442 -108.786  -77.116  -45.882
  68.375  110.72  16.382  73.472  -45.966 179.821  38.736  -70.357  39.782  -20.538   5.946  -88.313  -25.657  67.148 -108.184   -74.99  -46.704
  68.417 110.688  16.417  72.206  -45.216 180.056   38.69  -69.863  39.524  -19.546   6.162   -86.57  -26.757  63.955 -107.386   -72.66  -47.825
  68.458 110.592  16.375   70.67  -44.801 180.955  39.168  -69.145  39.118  -18.547   6.748  -84.849  -27.982  60.895 -106.731  -71.138  -48.043
    68.5 110.565  16.366   69.11  -43.956 180.916  39.035  -68.636  38.876  -17.569   6.948  -83.104   -29.28  58.049 -105.955   -68.89  -48.886
  68.542 110.529  16.294  67.683  -43.118 181.099  38.803  -67.982  38.495   -16.64   7.226  -81.426  -30.444  55.095 -105.433  -66.666  -49.882
  68.583 110.328  16.276  66.818  -42.239 182.009  39.381   -67.38  38.245  -15.619   7.705  -79.643  -31.493  52.018 -104.804  -64.161  -50.673
  68.625 110.085  16.339  65.433  -41.847  182.55  39.745  -66.883   37.86  -14.722   7.948  -77.802  -32.585  49.111 -104.032  -62.529  -51.242
  68.667 109.822  16.226  64.448  -41.105 182.983  39.599  -66.116  37.568  -13.795   8.336  -75.964  -33.627  46.463 -103.024  -60.202  -51.884
  68.708 109.619  16.268  63.567  -40.779 183.492  39.844  -65.655  37.134   -12.73   8.773  -74.247  -34.678  43.549 -102.112  -58.022  -52.717
   68.75 109.555  16.296  62.626  -40.547 183.952  39.642  -64.951  36.874  -11.967   9.025  -72.529  -35.758  40.876  -100.94  -56.275  -53.165
  68.792   109.3  16.082  61.708  -40.043 184.318   39.59   -64.53  36.666  -10.819   9.558  -70.618  -36.718  38.398  -99.889  -54.012  -53.851
  68.833 109.039  16.224  60.714  -39.792 184.821   39.78  -63.805  36.028   -10.02   9.893  -68.563  -38.059  35.907  -98.859  -51.713  -54.939
  68.875  108.68  16.289  59.721  -39.495  185.02  39.707  -63.392  35.785   -9.445   10.04   -66.71  -39.292  33.664  -97.814  -49.206  -55.568
  68.917 108.489   16.14  58.753  -39.138 185.687  39.869  -62.932  35.426   -8.613  10.252  -64.646  -40.471  31.248  -97.288  -47.397  -56.182
  68.958 108.001  16.259  57.794  -38.767 186.029  39.648  -62.399  35.068   -7.591  10.748   -62.42  -41.471  29.161  -96.484  -45.111  -56.867
      69 107.674  16.319  56.827  -38.501 186.683  39.788  -61.903  34.787   -6.821   10.96  -60.403    -42.5  27.151  -95.716  -42.717  -57.757
  69.042 107.508  16.203  55.989    -38.1  187.04  39.642  -61.209  34.239   -6.208  11.252  -58.215  -43.374  25.313  -94.844  -40.702  -58.343
  69.083 107.235  16.242  55.168  -37.766 187.643  39.789  -60.704  33.847    -5.51  11.274  -56.317  -44.351  23.708  -93.795  -38.275  -58.897
  69.125 106.957  16.286  54.626   -37.55 187.958  39.655  -60.067    33.6   -4.261  11.489  -54.255   -45.25   21.91  -93.405  -35.631  -59.856
  69.167 106.647  16.163  53.847  -37.404 188.507  39.801  -59.517  33.007   -3.731  11.889  -52.136  -46.214  20.199  -92.748  -33.188  -60.607
  69.208 106.468  16.272  53.407  -37.348 188.909  39.671  -58.939  32.676   -2.972  12.082  -50.015  -47.571  18.687  -91.685   -31.27  -60.936
   69.25 106.315  16.336  52.976  -37.338 189.257  39.581  -58.469  32.274   -2.301  12.025  -47.634  -48.325  17.259  -91.388  -28.939  -61.747
  69.292 106.004  16.087  52.647  -37.361 189.865  39.681  -57.942  31.747   -1.678   12.19  -45.403   -49.12  12.609  -94.398  -26.405    -62.7
  69.333 105.712  16.273  52.299  -37.321 190.205  39.613  -57.437  31.596   -0.621  12.687  -43.618  -49.928  10.787  -93.925  -24.301  -62.969
  69.375 105.581  16.367  51.912  -37.454 190.691  39.738  -56.825  30.972   0.005  12.896  -41.497  -50.537   9.045   -93.43  -21.692  -63.809
  69.417 105.482  16.346   51.78  -37.564 191.014  39.634  -56.471  30.675   0.732  12.812  -39.251  -51.321   7.243  -92.681  -19.981  -64.073
  69.458 105.476  16.423  51.652  -37.592 191.598  39.749  -55.757   29.99   1.262  13.003  -36.984  -52.432   3.749   -90.99   -17.29  -64.856
    69.5 105.361   16.46  51.449  -37.739 191.921  39.655  -55.555  29.793    1.95    13.1   -34.61  -53.179   -3.067  -88.946  -14.556  -65.714
  69.542 105.474  16.379  51.728  -37.794 192.585  39.751  -54.775  29.171   2.724  12.928  -32.629  -53.825   -2.386  -92.354  -12.586  -66.196
  69.583 105.451  16.388  51.727  -37.938 192.922  39.658  -54.153  28.747   3.309  13.074  -30.315  -54.342   -2.386   -90.99   -10.08  -66.764
  69.625  105.48  16.429  51.745  -37.983 193.652  39.774  -53.706  28.123    3.97  13.188  -27.995  -55.367   -4.972  -96.133   -8.159  -66.992
  69.667 105.544  16.432  51.764  -38.186 193.945  39.653  -52.922  27.844   4.708  12.957  -26.031  -55.873   -6.534  -95.069   -5.318  -67.781
  69.708 105.566  16.437  51.753  -38.501 194.557   39.75  -52.591  27.304   5.259  13.015  -23.674   -56.52   -7.493  -93.996   -3.302    -68.2
   69.75 105.645  16.444  51.805  -38.713 194.967  39.591  -51.825  26.819   6.008  13.088  -21.229  -57.023   -8.445  -92.939   -0.529  -68.845
  69.792 105.668  16.451  51.805    -38.7  195.17  39.588  -51.167  26.284   6.558  12.905  -19.435   -57.61   -9.488  -91.968   1.717  -69.078
  69.833 105.751  16.379  51.833  -38.749 195.833  39.688  -50.703  25.835   7.323  12.872  -17.139  -58.268  -10.405  -90.992   4.241  -69.811
  69.875 105.927  16.398  51.851  -38.736  196.08  39.595  -49.954  25.519   8.138  12.924  -15.313  -58.647  -11.299  -90.077   6.451  -70.089
  69.917 105.984  16.382  51.848  -38.698 196.361  39.536   -49.48  24.959   8.559  12.842  -12.922  -59.501  -12.045  -89.169   8.824  -70.774
  69.958 106.212  16.463  51.852  -38.651 196.833  39.688   -48.88  24.605   9.314  12.758   -10.57  -60.239  -12.642  -88.255  10.865  -71.035
      70  106.47  16.467  51.858  -38.567  197.01  39.565  -48.302   24.04   9.998  12.843   -8.575  -60.616  -13.209  -87.213  13.681  -71.806
  70.042 106.671  16.464  51.843  -38.337 197.188   39.53  -47.835  23.854  10.501  12.693   -6.446  -61.191  -13.518  -85.946  15.656  -72.033
  70.083 106.807  16.445  51.857  -38.406 197.803  39.664  -47.044  23.243   11.27  12.727   -4.447   -61.68  -14.004  -85.113   18.15   -72.47
  70.125 107.373   16.51  51.973   -37.95 198.143  39.581  -46.521  22.757  12.036  12.668   -2.235    -62.2  -14.342  -83.981  20.188  -72.908
  70.167 107.646  16.497  51.945  -37.674 198.814   39.67  -45.826  22.608  12.456  12.267   -0.287   -62.47  -14.395  -82.755  22.431  -73.203
  70.208 107.956  16.428  51.931  -37.555 198.953  39.632  -45.272  22.027  13.119  12.045   2.035  -63.387  -14.518    -81.5  24.974  -73.713
   70.25 108.328  16.528  52.009  -36.927 199.075  39.609  -44.696  21.809  13.601  11.845   3.837   -63.42  -14.559  -80.246   27.06  -73.901
  70.292 108.717  16.491  51.938  -36.675 199.766  39.726  -43.984  21.242  14.236  11.789   6.122  -64.348  -14.502  -79.278   29.05  -74.184
  70.333 109.051  16.455  52.012   -36.14 199.926  39.681  -43.641  20.911   14.77  11.606   7.808  -64.352  -14.496  -78.239  31.293  -74.673
  70.375 109.477  16.543  51.917  -35.667 200.039  39.652  -42.835  20.545  15.267  11.576   9.852   -65.06   -14.41  -77.082  33.521  -74.932
  70.417 109.755  16.507  52.088  -35.005 200.736  39.772  -42.279    20.2   15.49  11.084   11.62  -65.409  -14.318  -75.954  35.543  -75.161
  70.458 110.405  16.653  52.118  -34.518 201.036  39.775  -41.704  19.867  16.228  10.962  13.426  -65.734   -14.26  -74.607  37.742  -75.559
    70.5 110.717  16.575  52.219  -33.835 201.183  39.728  -40.978  19.684  16.551  10.765  15.517  -66.138  -14.251  -73.536  39.606  -75.854
  70.542 111.176  16.626  52.503  -33.005 201.602  39.873  -40.595   19.29  17.207  10.639  17.401  -66.521  -14.051  -72.464  41.625  -75.956
  70.583 111.701  16.557  52.739  -32.219 202.004  39.708  -39.834  18.867  17.448  10.153  19.168  -66.892  -13.754  -71.382  43.578  -76.094
  70.625 111.964  16.535  52.925  -31.659 202.044  39.757  -39.619  18.706   18.08  10.012  21.239  -67.414  -13.342   -70.26  45.539  -76.405
  70.667 112.573  16.632  53.096  -30.722 202.717  39.965  -38.921  18.288  18.449   9.778  22.846  -67.431  -13.111  -69.266  47.375   -76.62
  70.708  112.91   16.58  53.541  -29.877 202.987   39.77  -38.575  17.942  19.076   9.685  24.434  -67.628   -12.51  -68.351  49.519  -76.908
   70.75   113.5  16.606  53.837  -29.011 203.113  39.748  -37.883  17.777  19.339   9.154  26.396  -68.342  -12.273  -67.226  51.162  -77.034
  70.792 113.872  16.556  54.005  -28.011 203.531   39.99  -37.544  17.527  19.995   8.959   27.76  -68.404  -11.675  -66.307  52.681  -77.258
  70.833 114.548  16.576  54.512  -27.004 203.988   39.75  -36.888  17.115  20.415   8.721   29.32  -68.721  -11.199  -65.409   54.38  -77.546
  70.875 114.835  16.559  54.814  -25.959 204.124  39.926  -36.531  16.875  20.538   8.141  30.751  -68.688   -10.65  -64.465  55.692   -77.82
  70.917 115.519  16.716  55.117  -24.952 204.824  40.282  -35.883   16.76  21.142   7.974  32.465  -69.146  -10.214  -63.383  57.156   -77.96
  70.958 115.838  16.635  55.489  -23.964 204.993  40.362  -35.707  16.428  21.356     7.6  33.971  -69.572   -9.551  -62.599  57.956      -78
      71 116.431  16.646   55.84   -22.85 205.521  40.669  -35.041  16.246  21.572   7.153  35.347  -69.679   -8.944  -61.566  58.877  -78.166
  71.042 116.816  16.608  56.259  -21.857 205.942  40.642  -34.751  15.905  21.997   6.981  36.624   -69.82   -8.289  -60.953  59.759  -78.283
  71.083 117.481  16.635  56.548  -20.901 206.059  40.616  -34.406  15.753  22.276   6.562  38.213  -70.251   -7.559  -60.341  60.873   -78.45
  71.125 117.789  16.584  56.853  -19.811 206.603  40.758  -33.919  15.664  22.613   6.009  39.374  -70.481   -7.172   -59.34  61.853  -78.865
  71.167 118.429  16.767   57.18  -18.797   206.9  40.714  -33.699  15.374   22.98    5.66  40.374  -70.652   -6.417  -58.524   62.91  -78.956
  71.208 118.768  16.652  57.755  -17.837 207.211    40.7  -33.132  15.148  23.277    5.06  41.603  -70.886   -5.463  -57.931  63.999  -79.119
   71.25 119.133  16.645  57.931  -16.807  207.54  40.866  -32.825  14.896  23.455   4.764  43.071  -71.291   -4.829  -57.502  64.666  -79.252
  71.292 119.601    16.6  58.544  -15.797 207.948   40.95   -32.41  14.819  23.713   4.451   44.25  -71.454   -3.848  -56.835  65.989  -79.383
  71.333 119.907  16.602  58.941  -14.797 208.088  40.785  -32.007  14.734  24.051   3.978  45.344  -71.625   -2.885  -56.383  66.816  -79.842
  71.375 120.538   16.59  59.523  -13.818 208.717  40.867  -31.811  14.555  24.265   3.659  46.543  -72.012   -2.059  -55.554  67.749  -80.048
  71.417 120.812  16.587  59.976  -12.812 208.902  40.998  -31.564  14.345  24.404   3.033  47.379  -72.366   -1.257  -55.278  68.579  -80.264
  71.458 121.501   16.65  60.563   -11.78 209.052  40.849  -31.118  14.074  24.465   2.767   48.37  -72.508   -0.385  -54.655  69.877  -80.576
    71.5 121.689  16.615  60.992  -10.782 209.691  41.515  -30.843  13.935  24.584   2.126  49.286  -72.787   0.591  -54.375   70.55  -80.944
  71.542 122.478  16.624  61.791   -9.837 210.055  41.478  -30.565  13.818  24.869   1.679   50.41  -73.138   1.642  -54.229  71.324  -81.154
  71.583 122.682  16.587  62.113   -8.877 210.266  41.499  -30.493  13.641   25.25   1.019  51.197  -73.438   2.493  -53.885  72.516   -81.76
  71.625 123.377  16.597  62.924   -8.227 210.773  41.728  -30.021  13.635  25.298   0.702  51.748  -73.513   3.621  -53.451  73.105  -81.874
  71.667 123.687  16.576  63.529   -7.709 210.932  41.675  -29.814  13.598    25.4   -0.001   52.53  -73.994   4.628  -53.367  74.055  -82.408
  71.708 124.259  16.624  63.925   -6.833 211.003  41.673  -29.697  13.422  25.345   -0.397  53.172   -74.42   5.687  -53.364  74.477  -82.984
   71.75 124.665  16.632  64.811    -6.28 211.507  42.021  -29.449  13.295  25.568   -1.035  53.675  -74.665   6.617  -53.335  75.375  -83.722
  71.792 125.174   16.69  65.511   -5.796 211.894  41.765  -29.176  13.081  25.432   -1.498  54.375   -75.21   7.537  -53.267  75.731  -83.928
  71.833  125.67  16.601  65.874   -4.934 212.048  41.715  -28.859  12.837   25.61   -2.065  54.636  -75.467   8.404  -53.394  76.599  -84.726
  71.875 126.399   16.65    66.8   -4.558 212.651  41.856  -28.712  12.708  25.903   -2.962  55.411  -75.972   3.425  -49.614  76.679   -85.01
  71.917 126.656  16.594  67.383   -3.975 212.876  41.856  -28.584  12.718  25.941   -3.429  55.474  -76.462   4.293  -49.254  77.443  -85.855
  71.958 127.168  16.687  68.146   -3.336 213.069  41.894  -28.407  12.554  26.292   -3.979   56.24  -77.163   4.943  -49.329   77.39  -86.304
      72  127.67  16.687  68.798   -2.852 213.745  42.484  -28.118  12.512  26.232   -4.293  56.409  -77.496   1.724  -46.742  77.921  -86.797
  72.042 127.841  16.627  69.354   -2.502  213.95  42.496  -27.869  12.101  26.247   -5.152  56.629  -78.241   0.841  -47.582  78.264  -87.858
  72.083 128.489   16.63  69.813   -2.365 214.074    42.5  -27.745  11.893  26.288   -6.029   56.46  -78.569   0.749  -47.469  78.724  -88.625
  72.125 128.714  16.601  70.236   -2.002 214.438  42.499  -27.658  11.815  26.212   -6.442  56.706  -79.292   0.762  -47.475  78.359  -89.129
  72.167  129.37  16.685    70.9   -1.741 214.825  42.728  -27.478  11.666  26.276   -7.097  56.538  -79.631    0.59   -48.04  78.644  -89.904
  72.208 129.634  16.605  71.473   -1.636 214.868  42.696  -27.444   11.36  26.293    -8.01  56.529  -80.441  13.291  -48.051  78.606  -90.853
   72.25 130.035  16.616  72.208    -1.31 215.057  42.651  -27.058  10.847  26.314   -8.856  56.468  -81.346   14.67  -47.908  78.699  -91.714
  72.292 130.517  16.652  72.788   -1.243 215.038  42.654  -26.982  10.696  26.198   -9.329  56.194  -81.855  16.513  -48.106  78.638  -92.785
  72.333  130.71  16.614  73.244   -1.043 215.255  42.633  -26.813  10.478  26.214  -10.117  56.052  -82.593  16.947  -48.293  78.472  -93.855
  72.375 131.114  16.618  73.807   -0.744 215.652  42.744  -26.763  10.093  26.206  -11.003  55.678  -83.338  16.891  -48.286  78.014   -94.47
  72.417 131.563  16.639  74.643    -0.63 215.935  42.811  -26.634   9.931  26.216  -11.896  55.462  -84.219  13.141   -46.01  77.705  -95.746
  72.458 131.719  16.615   75.07   -0.474 215.953  42.747  -26.702   9.766  26.104  -12.819  54.573  -84.743  10.343  -44.063  77.014  -96.799
    72.5 132.229  16.677   75.81   -0.282 216.178   42.73  -26.648   9.625  25.875  -13.422  54.263  -85.787   9.403  -43.991  76.562  -97.862
  72.542 132.602  16.658   76.16   0.083 216.861  43.443  -26.577   9.386  25.913  -14.072  53.831  -86.375   8.952  -44.165   75.84  -98.655
  72.583 132.897  16.762  76.857   0.224 217.033  43.442  -26.588   9.557   25.93  -14.967  53.341  -87.471   6.932  -43.397  75.265  -99.978
  72.625 133.245  16.715  77.361   0.352 217.216  43.439  -26.612   8.971  25.587  -15.584  52.501  -88.421    7.28   -43.64  74.536 -101.006
  72.667  133.68  16.644  77.891   0.282  217.55  43.683  -26.677   8.853  25.335   -16.81  51.557  -89.396   9.883  -35.101  73.544 -102.199
  72.708 133.827  16.636  78.494   0.233 217.789  43.678  -26.723   8.726  25.147  -17.317  50.684  -90.202   -20.19  -23.504  72.581 -103.075
   72.75 134.279  16.702  79.027   0.445 217.941  43.637  -26.752   8.701  24.813   -18.11  49.647  -91.216  -20.657  -23.249  71.674  -104.13
  72.792 134.695  16.773   79.79   0.347 218.092  43.698  -26.751   8.428  24.548  -18.892  48.753  -92.215  -19.896  -23.934  70.649 -105.324
  72.833 134.866  16.737  80.398   0.339 218.035  43.682  -26.714   8.119  24.262  -19.717  47.575  -93.272  19.425  -39.191  69.489 -106.317
  72.875 135.149  16.945  80.988    0.44 218.254  43.659  -26.771   7.931  23.867  -20.488   46.48  -94.375   -20.83  -24.233  68.745 -107.693
  72.917 135.673  16.763   81.77   0.339 218.375  43.767  -26.794    7.82  23.586  -21.145  45.429  -95.377  -20.629  -24.764  67.589 -108.916
  72.958 135.851  17.115  82.458   0.345 218.832  43.926  -26.806    7.66  23.322  -21.984   44.31  -96.487  -20.912  -25.107  66.282 -110.178
      73 136.446  17.271   83.02   0.428 218.892   43.97  -26.779   7.197  23.025  -22.814  43.234  -97.439  -21.553  -25.116  65.547 -111.598
  73.042  136.66  17.488  83.705   0.366 219.317  44.204    -26.8   6.899  22.666  -23.601   41.92  -98.517  -21.604  -25.823  64.078 -112.762
  73.083  136.84  17.561  84.468   0.321 219.256  44.419  -26.824   6.794  22.199  -24.367  40.647  -99.299  16.017  -41.917  62.625 -114.102
  73.125 137.213  17.577  84.953   0.386  219.51  44.663  -26.965   6.457  21.814  -25.125   39.37 -100.534  -21.864  -26.738  61.777 -115.591
  73.167 137.634  17.622  85.644   0.311 219.849  44.642  -26.844   5.982  21.388  -25.907  38.198 -101.603  -19.982  -26.809  60.394  -117.01
  73.208 137.882  17.807  86.259   0.432 220.053  44.747  -26.871   5.897  21.119  -26.509  36.902 -102.339  -18.606  -26.902  58.791 -117.888
   73.25 138.506  17.828  86.888   0.349 220.172  44.858  -26.869   5.694  20.606  -27.163  35.482 -103.444  -16.847  -26.854  57.431 -119.195
  73.292 138.656  17.961  87.407   0.269 220.075  44.798  -26.927   5.199  20.089  -28.031  33.524  -104.29  -15.106  -27.188  55.648 -120.203
  73.333 138.791   18.28  87.947   0.321 220.656  45.487  -26.908    4.89  19.491   -28.77   32.03 -105.488  -13.401    -27.3  53.802 -121.204
  73.375 139.476  18.452  88.794   0.302 220.949  45.579  -26.918    4.77  19.142  -29.398  30.319 -106.466  -11.781  -27.636  52.367 -122.139
  73.417 139.617  18.559  89.184   0.359  220.94  45.606  -27.044   4.307  18.391  -30.128  27.758  -107.23   -9.942  -27.712  52.141 -120.298
  73.458 139.733  18.611  89.743   0.167 220.984    45.7   -27.23   3.888  17.916  -31.032  24.828 -108.231   -8.534  -27.817  49.965 -121.224
    73.5 140.315  18.689  90.154   0.265 221.088  45.787  -27.134   3.736  17.378   -31.85  22.179  -109.82   -6.804  -27.824  47.941 -122.322
  73.542 140.599  18.893   90.75   0.185 221.198  45.836  -27.491   3.548  16.835  -32.806  19.583 -111.201   -4.994  -28.023  45.506 -122.951
  73.583 140.818  19.223  91.482   0.096 221.817  46.407  -27.545   3.182  16.271   -33.45  17.139 -112.387   -3.262  -28.058  43.055 -124.008
  73.625 141.018  19.379  91.896   0.215 221.897  46.506   -27.76   2.867    15.5  -34.106  14.466 -113.116   -1.741  -27.944  39.819  -124.57
  73.667 141.333  19.554  92.245   0.141   221.9  46.671  -27.929   2.479  14.909      -35  11.457 -113.867    -0.09  -27.936  37.222   -125.1
  73.708 141.698  19.691  92.814   0.084 222.108  46.625  -27.838   2.162  14.393  -35.787   9.086  -114.53   1.902  -28.156  34.158 -125.634
   73.75 141.852  19.769  93.166   0.087 222.118  46.794  -27.959   1.819  14.014  -36.598   6.571 -115.064   3.446  -27.931  31.501 -126.166
  73.792 141.759  20.093  93.672   -0.046 221.995  46.978  -28.382    1.66  13.272  -37.263   3.528 -115.411   4.791  -28.027   28.08 -126.585
  73.833 142.453  20.362  94.653   -0.456 222.582  47.562   -28.43   1.145  13.068  -38.079   1.008 -115.728   6.882  -27.889   25.34 -127.063
  73.875 142.678  20.547  95.216   -0.551 222.854  47.603  -28.738   0.856  12.436   -38.94   -1.564 -116.003   8.355   -27.92   22.03 -127.556
  73.917  142.85  20.624  95.769   -0.717 222.909  47.698   -28.82   0.322  11.985  -39.435   -4.719 -116.129  10.124  -27.991  19.033  -128.15
  73.958 143.448  20.729  96.279   -0.748 223.004  47.665  -28.839    -0.09  11.389  -40.132   -7.705  -116.02  11.981  -27.927  15.659 -128.265
      74 143.609  20.892  96.621   -1.031 222.948  47.787  -29.202   -0.413  10.664  -40.912  -11.316  -115.44  13.371   -27.88  12.257 -128.341
  74.042 143.727  21.291  97.101   -0.856 223.012  48.001  -29.452   -0.472  10.246  -41.282  -11.246 -115.527  15.118  -27.794   9.021 -128.293
  74.083 144.356  21.378  98.021   -1.242 223.685  48.496  -29.581   -0.767   9.613   -42.01  -15.335 -113.482  16.933   -27.85   5.362 -128.275
  74.125  144.66  21.603  98.636    -1.61 223.883  48.589  -29.768   -1.025    9.27  -42.354  -20.788 -112.801  18.402  -27.759   0.341 -124.388
  74.167 144.891  21.821  99.067   -1.662 223.849  48.716  -29.896   -1.173   8.579  -43.132  -19.425 -110.756   20.13  -27.783   -3.341 -123.905
  74.208 144.927  22.118  99.543     -1.8 223.879  48.695  -30.141   -1.327   8.082  -43.296  -23.337 -109.568  21.663  -27.691   -7.417 -123.581
   74.25 145.371  22.425 100.068   -1.839 223.909  48.952  -30.328   -1.324   7.372  -43.889   -26.73 -108.172  23.387  -27.707   -9.883 -127.114
  74.292 145.739   22.57 100.792   -2.035 224.045  48.876  -30.629   -1.502   7.219  -44.201  -30.078 -106.869  25.121  -27.692  -13.644 -126.783
  74.333 145.907  22.655 101.564   -2.506 223.945  49.086  -30.886   -1.551   6.373  -44.945  -33.542 -105.705   26.81  -27.714  -18.632 -126.063
  74.375 146.474  22.749 102.202   -2.583 224.418  49.361  -30.955    -1.85   6.085  -45.093  -36.737 -104.393  28.413  -27.681  -23.069  -125.26
  74.417 146.699  22.956 102.769   -2.775 224.783  49.612  -31.188   -1.914   5.236  -45.697  -39.569 -103.057  30.148  -27.617  -27.122 -124.448
  74.458 146.703  23.327 103.018    -2.85 224.796  49.722  -31.678   -2.056    4.48  -46.063  -42.721 -101.443  31.648  -27.337  -31.181  -123.46
    74.5 147.048  23.558 103.675   -3.125 224.797  49.925  -31.791    -2.07    3.87  -46.115  -45.275 -100.098  33.249  -27.539  -35.089 -122.257
  74.542 147.348  23.534 104.533   -3.551 224.864  49.816  -32.207   -2.131   3.204  -46.452  -48.281  -98.779   34.89  -27.512  -39.102 -121.287
  74.583 147.659  23.631 105.017   -3.722 224.926  49.965  -32.419   -2.301   2.156  -46.724  -50.755  -97.338  36.473  -27.591  -42.832 -120.118
  74.625 148.333  23.813 105.828   -3.754  225.71  50.525  -32.642    -2.12   1.698  -47.004  -52.631   -95.93  38.166  -27.343  -46.188 -118.942
  74.667 148.558  24.159 106.377   -3.993 225.705   50.69  -32.956    -1.97   0.734  -47.021  -55.153  -94.762  39.799  -27.292  -50.034 -117.443
  74.708 148.738   24.46  107.33   -4.253 225.811  50.668   -33.19   -2.015   -0.312   -47.24  -57.451  -93.696    41.3  -27.353   -45.23 -129.115
   74.75 148.941   24.71  107.82   -4.607 225.888  50.816  -33.581   -1.703   -1.302  -47.223  -59.669  -92.275  43.093  -26.976  -49.126 -128.383
  74.792 149.398  24.764 108.161   -4.735 225.894  50.804  -33.914   -1.455   -2.467  -47.303   -61.61  -91.293  44.581  -26.803  -52.541 -127.631
  74.833 149.697  25.075  108.79   -5.035 225.893  51.002  -34.135   -1.159   -3.157  -47.224  -63.563  -90.377  46.154  -26.771  -56.556 -127.256
  74.875 149.725  25.471 109.793   -5.369 225.903  50.906  -34.579   -1.051   -4.276  -47.369  -65.519  -89.492  47.685  -26.581  -60.542 -126.722
  74.917 149.989  25.541 110.102     -5.7 226.117  51.485  -34.803   -0.932   -5.273  -47.547  -67.299  -88.664  49.152  -26.654  -64.076  -126.04
  74.958 150.385  25.621 110.765   -5.843 226.188   51.63  -34.915   -0.293   -6.168  -47.196  -69.149  -87.761  50.737  -26.337   -67.19 -125.245
      75 150.752  25.726 111.796    -6.44 226.401  51.573  -35.421   -0.339   -7.647  -47.653  -70.649  -87.056  52.466  -26.357  -70.032  -125.15
  75.042 150.894  26.045 112.268   -6.561 226.466  51.932  -35.774   0.065   -8.704   -47.71   -72.51  -86.394  53.925  -25.997  -73.084 -124.821
  75.083  151.45  26.488 112.836   -6.842 226.682  51.835  -35.941   0.372    -9.78  -47.844  -74.014  -85.869   55.53  -25.754  -76.056 -124.735
  75.125 151.648   26.52 113.189   -7.012 226.866  52.001  -36.118   0.673  -10.828  -47.911  -75.514   -85.03  57.037  -25.677  -79.249 -124.855
  75.167 151.776  26.597 114.189    -7.45 226.912  51.875  -36.515   0.932  -12.139  -47.976   -77.34  -84.727  58.413  -25.508  -82.573 -124.995
  75.208 152.392  26.717 114.761   -7.819 227.237    52.3  -36.758   1.112  -12.928  -48.002   -78.52  -84.201  60.127  -25.497  -85.472 -125.081
   75.25 152.594  26.776 115.095   -7.994 227.119  52.462  -36.898   1.689  -14.145  -47.984  -80.383  -83.896  61.304  -25.348  -88.822  -125.18
  75.292 152.748  26.835 115.994   -8.606 227.043  52.556  -37.296    1.95  -15.242  -48.198  -82.091  -83.784  62.935  -25.248  -91.886 -125.414
  75.333 152.839  27.171 116.528   -8.787 226.984  52.637  -37.721    2.14  -16.647  -48.098  -83.665   -83.52  64.221  -25.064  -95.061 -125.497
  75.375 153.073  27.431 117.241   -9.317 226.961   52.74  -37.816   2.689  -17.864   -47.94  -85.263  -83.645  65.846  -24.811   -98.24 -125.105
  75.417 153.459  27.541 117.781   -9.676 227.082  52.772  -37.989   2.957  -19.009  -47.874  -86.705  -83.579  67.198  -24.664 -101.192 -125.168
  75.458 153.665  27.608 118.349   -9.817 227.073  52.896  -38.049   3.555  -20.354  -47.991  -88.249  -83.688  68.607  -24.467 -104.354 -124.976
    75.5 153.794  27.675 118.992  -10.442 227.025  52.942  -38.547   3.747  -21.739   -47.88  -89.753  -83.646  69.973  -24.444 -107.573 -125.212
  75.542 154.054  27.754 119.717  -10.734 227.007  52.923  -38.848   4.163  -22.706  -47.465  -91.215  -83.774  71.244  -24.157 -110.822 -125.042
  75.583 154.205  27.885 120.077  -10.966 227.283  53.268  -38.915   4.607  -23.987  -47.181  -92.722  -83.701  72.656  -23.879  -113.62 -124.432
  75.625 154.536  28.197 121.003  -11.493 227.368  53.467  -39.286    5.06  -25.544  -47.134  -93.983  -83.868  74.183  -23.681 -116.815 -124.029
  75.667 154.743  28.436 121.735  -11.735 227.191  53.632  -39.585   5.069  -26.842  -46.952   -95.41   -83.95  75.398  -23.536 -119.958 -123.773
  75.708 154.921  28.486 122.248  -12.141 227.088  53.636  -39.747   5.665   -28.54  -46.962  -96.747  -83.964  76.768  -23.336 -122.084 -123.103
   75.75 155.304  28.607 122.945  -12.528 227.155  53.693    -39.9   5.912  -29.893  -46.584  -97.793  -83.992  78.163  -22.968 -124.908 -122.994
  75.792 155.597  28.752 123.696  -12.795 227.032  53.881  -40.399   6.001  -30.912  -46.201  -99.375  -84.395  79.382  -22.851 -127.255 -121.987
  75.833 155.689  28.729 124.405   -13.42 227.071  53.793  -40.777   6.264  -32.509  -46.252 -100.472  -84.709   80.87  -22.807 -129.127 -121.264
  75.875 155.917  28.928 125.154  -13.677  227.71  54.473  -40.831   6.743  -33.962  -45.907 -101.718  -84.681  82.105  -22.646 -131.753 -121.125
  75.917 156.246   29.24 125.897  -13.861 227.831  54.544  -41.038   7.037  -35.636  -45.842 -102.925  -84.916  83.408  -22.379 -133.609 -120.322
  75.958 156.586  29.358 126.628  -14.544 227.881  54.611  -41.436   6.909   -36.55  -45.378 -104.467  -84.722  84.681  -22.381 -135.827 -120.049
      76 156.712  29.471 127.498  -14.768 227.837   54.69  -41.788   7.234  -38.054  -44.922 -106.108  -84.798  86.032  -22.406 -137.493  -119.43
  76.042 156.888   29.59 128.242  -15.295 227.897  54.673   -41.76   7.592   -39.53  -45.012 -107.754   -84.41  87.199  -22.343 -138.872 -118.487
  76.083 157.183  29.833 129.001  -15.699 227.892   54.82  -41.942   7.905  -40.482  -44.463 -108.517  -83.889  88.563  -22.094 -140.812 -118.116
  76.125 157.571  29.699 129.864  -15.879 227.949  54.739  -42.351   7.853  -41.894  -43.981 -110.434   -83.76   89.82  -21.893  -142.68 -117.907
  76.167 157.718  29.818 130.425  -16.217  227.94   54.79   -42.73    7.97  -43.212  -44.109 -112.134  -83.761  91.075  -21.732 -143.767 -117.269
  76.208 157.899  29.998 131.299  -16.698 227.948  55.096  -42.889   8.139  -44.767  -43.766 -113.222  -82.946  92.216  -21.583 -145.171 -116.956
   76.25 158.193  30.105 132.052  -16.977 228.005  54.923  -42.779   8.481  -45.609  -43.168 -115.003  -82.815  93.439  -21.607 -146.332 -116.243
  76.292 158.581  30.371  132.78  -17.447  228.01  54.862  -42.895   8.727  -46.726  -42.989 -115.858  -81.688   94.68   -21.66 -147.783 -116.023
  76.333 158.719   30.46 133.805  -17.773 227.966  55.073  -43.047   8.844  -47.895  -42.738 -117.563  -81.586  96.004  -21.582 -148.894 -115.136
  76.375 158.846  30.583 134.682  -17.946 227.999    54.9  -43.434   8.685  -48.471  -42.317 -118.516  -80.719  97.134   -21.61 -149.754 -114.363
  76.417 159.174   30.66 135.213  -18.599 228.069  55.044  -43.757   8.916   -49.57  -42.057 -119.317  -79.891  98.256  -21.549 -151.141 -113.847
  76.458 159.473   30.76 135.931  -18.744 228.038  54.911  -43.921   8.977  -49.828  -41.306 -120.354  -78.981  99.298  -21.559 -152.226 -113.034
    76.5 159.658  30.744 136.884  -19.049 228.241  55.215  -44.048   8.995  -50.713   -41.12 -121.235  -78.154 100.433  -21.488 -152.971 -112.108
  76.542 159.885  30.903 137.703  -19.486 228.159  55.418  -44.284   9.071  -51.535  -41.022 -122.098  -77.178 101.695  -21.594 -153.848 -111.295
  76.583 160.136  30.827 138.747  -19.721 228.099  55.506  -44.479   8.879   -52.14  -40.636 -123.617  -76.482 102.935  -21.607 -154.819 -110.382
  76.625 160.302   31.09 139.659  -19.853 228.074  55.638  -44.762   8.921  -52.779   -40.67 -124.565  -75.602  104.05  -21.591 -155.801 -109.447
  76.667  160.61  31.303 140.247  -20.592 228.124  55.628  -44.884   8.959  -52.822  -40.292 -125.397  -74.724 105.135  -21.672 -156.621 -108.512
  76.708 160.695  31.465 140.982  -20.731 228.051  55.633  -45.089   9.027  -53.495  -40.157 -126.295  -73.787 106.142  -21.701 -157.223 -107.158
   76.75 160.872  31.524 142.038  -20.878 228.039  55.727  -45.304   8.907  -53.835  -39.905 -126.928  -72.922  107.24  -21.686 -157.871 -106.229
  76.792 161.267  31.598 142.563  -21.263 228.025   55.69  -45.633   8.932  -54.449  -39.874 -127.676  -71.644 108.243  -21.664 -158.719 -105.524
  76.833 161.589  31.729 143.741  -21.643  227.99  55.861  -45.895   9.167  -54.554  -39.534  -128.46   -70.72 109.241  -21.718 -159.245 -104.093
  76.875  161.71  31.733 144.693  -21.769 228.018  55.785  -45.701   9.474  -54.803  -39.097 -129.158  -69.798  110.19  -21.725 -159.909 -103.191
  76.917 161.851  31.703 145.843  -21.978 228.116  55.817  -45.828   9.715  -55.002  -39.017 -129.693  -68.636 111.306  -21.748 -160.363 -102.038
  76.958 162.213    31.9 146.289  -22.548 228.055  55.836   -45.93   9.894  -55.537  -39.055 -130.378  -67.751 112.265   -21.75 -160.868 -101.076
      77   162.6    31.8 147.398  -22.661 228.017  55.779  -45.926   9.929  -55.776   -38.94 -130.728   -66.64  113.28  -21.842 -161.202  -99.911
  77.042 162.745  31.933 148.618  -22.817 228.081   55.81  -46.346   9.881  -55.634  -38.441 -131.348  -65.759 114.244  -21.809 -161.865  -99.055
  77.083 162.936  31.845 149.405  -23.312 228.082  55.824  -46.515   9.906  -55.788  -38.145 -131.594  -64.723  115.26  -21.956 -162.157  -97.752
  77.125 163.437  32.004 150.616  -23.615 228.014  55.904   -46.72  10.045  -55.908  -38.009 -132.002  -63.915 116.253  -21.925 -162.695  -96.999
  77.167 163.634  32.168 151.771   -23.75 228.029  55.897  -46.748   10.18  -56.422  -38.065 -132.379  -62.785 117.316  -21.865 -162.577  -95.614
  77.208 163.703   32.31 152.785  -23.929 228.023  55.801  -46.546  10.392  -56.669   -37.93 -132.493  -61.826 118.257  -22.079 -163.016  -94.176
   77.25 163.849  32.497 153.635  -24.237 228.013  55.769  -46.708  10.812  -56.843   -37.66 -132.633  -60.804 119.262  -21.941 -163.307   -93.04
  77.292 164.417  32.499 154.727  -24.631 228.094   55.77  -46.742  10.901  -56.496  -37.277 -132.613  -59.832 120.239  -22.032 -163.805  -92.129
  77.333 164.622  32.613 155.804  -24.791 228.061  55.726  -46.742  11.005  -56.694  -37.074 -132.564  -58.916 121.747  -22.679 -164.002  -90.986
  77.375 164.746  32.604 156.853  -24.979  228.04   55.74  -46.386  11.527  -56.798  -36.931 -132.586  -58.003 122.963  -22.732 -164.328  -89.945
  77.417 165.108  32.639 157.649  -25.305 228.028  55.712  -46.567  11.739  -56.893  -36.618 -133.091  -57.627 124.001  -22.828 -164.386  -89.184
  77.458 165.397  32.754 158.782  -25.659 228.114  55.801  -46.488   12.03  -56.572   -36.26 -133.101  -56.768  125.12  -22.781 -164.816   -88.09
    77.5 165.592  32.753 159.835  -25.813 228.099  55.808  -46.093  12.581  -56.654  -36.062 -133.083   -55.91 126.182  -22.868 -164.987  -87.025
  77.542 165.754  32.947 160.877  -25.965  228.05  55.742  -45.933  12.872  -56.765   -35.94 -133.048  -55.129 127.106  -23.038 -165.151  -85.987
  77.583 165.948  32.806 161.766  -26.312 228.044  55.707  -45.826  12.965  -56.713  -35.808 -133.327  -54.642 128.142  -22.943 -164.996   -85.08
  77.625  166.35  32.741 162.825  -26.562 228.019  55.818  -45.561   13.48  -56.252  -35.473  -132.99  -53.839 129.232  -23.125 -165.063  -84.001
  77.667 166.588  32.778 163.854  -26.719 227.996  55.744  -45.427   13.82  -56.528  -35.064 -132.704  -52.941  130.28  -23.008 -165.008  -83.135
  77.708 166.733  32.698 164.938  -26.879 228.116  55.694  -45.207  14.142  -56.648  -34.978 -132.867  -52.558 131.318  -22.887 -164.985  -82.247
   77.75 167.345  32.662 165.958  -27.152  228.06  55.686  -44.773   14.41  -56.545  -34.947 -132.371  -51.923 132.954  -23.529 -164.934  -81.368
  77.792 167.597  32.796 166.908  -27.497 228.081  55.727  -44.683  14.842  -55.824  -34.175 -132.471  -51.386 134.163  -23.494 -164.886  -80.396
  77.833 167.745  32.743 167.938  -27.684 228.041  55.694   -44.54  15.121  -55.743  -34.061 -131.938  -50.861 135.196  -23.677 -165.027  -79.754
  77.875 167.989  32.737 169.003  -27.846 228.024  55.675  -43.953  15.598  -55.713  -34.004 -131.471  -50.047 136.373  -23.654 -164.922  -79.096
  77.917 168.318  32.665 169.992  -28.118 228.012  55.675    -43.8  15.834   -55.65  -33.855 -131.539  -49.643 137.432   -23.68 -164.815  -78.238
  77.958 168.622  32.655  170.91  -28.459 227.996  55.662  -43.639  15.977  -54.875  -33.204 -131.118  -49.032 138.729  -23.877 -164.881  -77.686
      78 168.764  32.669 171.944  -28.716 228.082  55.694  -43.325  16.228   -54.73  -33.095 -131.254  -48.688 140.078  -23.802 -164.809  -77.128
  78.042 169.058  32.672 173.044    -28.9 228.057  55.677   -42.95  16.748  -54.511  -33.036 -130.568  -47.857  141.18  -23.792  -164.58  -76.356
  78.083 169.417  32.616   174.2  -29.117 228.007  55.668  -42.742  16.914  -54.085  -32.718 -130.477  -47.535 142.394  -23.877 -164.547  -75.926
  78.125 169.618  32.642 175.092  -29.362 228.088  55.651  -42.181  17.572  -53.527  -32.411 -130.116  -46.843 143.627  -23.686 -164.132  -75.082
  78.167 169.725  32.631 176.065  -29.695 228.041  55.645  -41.888  17.849  -53.503  -32.126  -129.56  -45.982 144.438  -23.712 -163.842  -74.474
  78.208 169.965  32.639 177.206  -29.807 228.013  55.645  -41.704  18.179  -53.003  -31.861 -129.522  -45.678 145.696  -23.895 -163.825   -74.03
   78.25  170.31  32.538 178.471  -29.916 228.032  55.645  -41.135  18.739  -52.664    -31.8 -129.149  -44.948     147  -23.816 -163.372   -73.21
  78.292 170.605  32.534 179.638  -30.155 228.008   55.64  -40.849  18.942  -51.989  -31.209  -129.24  -44.654 148.333  -23.779 -162.791  -72.548
  78.333 170.711  32.521 180.775  -30.508 228.071  55.633   -40.73  19.339  -51.688  -31.091 -128.457  -43.797 149.545  -23.718 -162.584  -72.041
  78.375 170.847  32.489   181.9  -30.719 228.073  55.631  -40.037   19.76   -51.28  -31.076  -128.42  -43.575  150.79  -23.916 -161.942  -71.289
  78.417 171.284  32.401 183.019  -30.889 228.031   55.63  -39.824  19.968  -50.825  -30.799 -127.584  -42.755  152.15  -23.862 -161.791  -71.028
  78.458 171.597  32.459 184.335  -31.138 228.041  55.627  -39.614  20.563  -49.923  -30.293  -127.57  -42.357 153.689  -23.944 -160.928  -70.295
    78.5 171.698  32.346 185.055   -31.44 228.019  55.622  -39.228  20.884  -49.687  -30.248 -126.727  -41.748 155.075  -23.889 -160.679  -70.036
  78.542  171.87   32.23 186.298  -31.679 228.068  55.627  -38.909  21.126  -49.026    -30.1 -126.474  -41.451 156.343  -23.753 -159.908  -69.545
  78.583  172.09  32.259 187.556  -31.765 228.032  55.627  -38.584  21.684  -48.663  -30.043 -125.625  -40.787 157.878  -23.822 -159.216  -68.886
  78.625 172.445  31.927 188.872  -31.934 228.188  55.584  -38.411  21.979  -47.906  -29.935 -125.422  -40.415 159.106  -23.777 -158.653  -68.882
  78.667 172.608  31.596 189.775  -32.344 228.103  55.574   -38.18  22.252  -47.689  -30.012 -124.558  -39.864 160.295  -23.822  -157.95  -68.214
  78.708  172.74  31.492 190.975  -32.694 228.048   55.59  -37.783  22.814  -47.051  -29.708 -124.345  -39.595 161.588  -23.789 -157.406  -68.063
   78.75 172.944  31.377  192.23  -32.851 228.232  55.594  -37.619  23.026  -46.474    -29.9 -123.426   -38.86 163.038  -23.864 -156.882  -67.811
  78.792 173.286  31.063 193.647  -32.858 228.193  55.511  -37.201  23.576  -45.835  -29.847 -123.216  -38.609 164.195  -23.832  -155.91  -67.178
  78.833 173.672   30.79 194.882  -32.948 228.124  55.531  -36.799   23.86   -45.41  -29.984 -122.378   -37.83 165.352   -23.82 -155.158  -66.964
  78.875 173.801  30.544 195.953   -33.34 228.409  55.453  -36.704  24.141   -44.76  -29.812 -122.095  -37.568 166.879  -24.073 -154.622  -66.975
  78.917 173.885  30.353 197.152  -33.687 228.243  55.489   -36.43  24.551  -44.039  -29.672 -121.354  -36.936 168.096  -23.915 -153.781  -66.227
  78.958 174.286  30.016 198.358  -33.812 228.171  55.486  -36.152  25.044  -43.485  -29.956 -120.651  -36.566 169.268  -23.985  -152.88  -66.079
      79 174.605  29.598 199.706  -33.828  228.14  55.316  -35.852  25.197  -42.739  -29.953 -119.957  -35.974 170.393  -23.948 -151.762  -65.481
  79.042 174.731  29.431 200.843  -33.856 228.313  55.388  -35.697  25.789  -42.048  -29.748  -119.42  -35.665 171.967  -24.525 -150.959   -65.15
  79.083 174.933  29.218 201.948  -33.994 228.174   55.46  -35.503  25.996  -41.414  -29.928 -118.473  -34.949 173.204  -24.698 -150.148  -64.975
  79.125 175.433    28.8 203.019  -33.992 228.286  55.258  -35.114  26.387  -40.742  -29.917 -117.959  -34.678  174.33  -24.792 -149.243  -64.683
  79.167 175.688  28.466 203.969  -34.469 228.251   54.88  -34.835  26.844  -39.876  -29.846 -117.216  -34.105 175.216  -24.952 -147.945  -64.408
  79.208 175.762  28.223 204.979  -34.652 228.145  54.785  -34.715  27.192  -39.174  -29.708 -116.507  -33.616 176.829  -25.556 -147.028  -64.027
   79.25 176.181  27.831 206.011  -34.811 228.127  54.692  -34.481  27.561  -38.465  -29.967 -115.674  -32.986 178.106  -25.788  -145.87  -63.601
  79.292 176.574  27.449 207.048  -34.828 228.341  54.597  -34.123  27.987  -37.782  -29.861 -114.971  -32.654 179.079  -25.918 -144.911   -63.18
  79.333  176.79  27.279 208.287  -34.987  228.24  54.591  -33.854  28.164  -37.044  -29.788 -114.276  -31.931 180.387  -26.564 -143.955  -63.066
  79.375 177.237  26.667  209.18  -35.034 228.399   54.43   -33.71  28.777  -36.472  -29.891 -113.481  -31.611 181.492  -26.741 -142.964  -62.924
  79.417 177.587  26.371 210.177  -35.009 228.336  54.415  -33.593  28.908  -35.645  -29.928 -112.544  -30.968 182.961  -27.478 -141.829  -62.537
  79.458 177.739  26.096 211.088   -34.92 228.192  54.377  -33.217  29.399  -34.829  -29.866 -111.734  -30.613  184.01  -27.733  -140.89   -62.07
    79.5 178.156  25.607 212.214  -35.137 228.549  54.434  -32.918   29.84  -34.018  -29.831 -110.934  -29.926     185  -27.999 -139.979  -61.106
  79.542 178.648   25.38 213.257  -35.021 228.775  54.365  -32.717  30.018  -33.377  -29.896 -110.141  -29.636 186.275  -28.575 -153.531  -93.448
  79.583 179.044  24.923  214.15  -34.946 228.895  53.996  -32.515  30.337  -32.668  -29.867 -109.259  -28.888 187.231  -28.847 -153.932  -92.219
  79.625 179.306  24.452 215.211  -35.083 228.942  53.677  -32.321  30.555  -31.839    -29.7 -108.369  -28.705 188.413  -29.546 -154.225  -91.086
  79.667 179.721   23.99 216.059  -34.924 228.974  53.592  -32.045  30.961  -30.853  -29.365 -107.412  -27.877 189.199  -29.774 -154.271  -90.042
  79.708 179.855  23.489     217  -34.901 228.976  53.574  -31.824  31.112  -30.097  -29.212 -106.443  -27.642 190.384  -30.426 -154.206  -88.974
   79.75  180.36   23.13 217.989  -34.924  229.19  53.371  -31.587  31.583  -29.523  -29.142   -105.5  -26.902 191.173  -30.819 -154.155  -88.213
