  154.88 209.945   -0.658 227.057 -125.704 342.888 -142.815  -94.113  -30.932 -142.815 -177.038 -191.517 -256.015 -274.442  -11.188
  154.92  207.87   -0.673   224.1 -125.719 340.895 -143.467  -95.304  -31.973   -140.8 -179.054 -187.496 -260.948 -275.009  -10.243
  154.96 206.963   -0.643 221.645 -125.836 337.003 -143.905   -94.19   -31.32 -138.616 -181.985 -182.394 -262.626 -275.324   -9.858
     155 205.282   -0.483  219.54 -124.624  334.25 -144.726  -93.797  -31.238 -135.728 -183.928 -177.486 -264.624 -275.388   -9.147
  155.04 201.672   0.252 212.965 -124.551 331.094 -144.866  -94.841  -31.804 -133.681 -185.678 -172.446 -270.928 -275.612    -8.45
  155.08  199.76    0.26 210.968 -124.718 328.455 -145.751  -97.133  -31.697  -131.66 -187.687 -167.423 -274.876 -276.419   -8.026
  155.12 198.108    0.16 209.407  -125.26  325.23 -146.105  -99.071   -31.67 -129.029 -189.208 -161.412 -289.927 -276.643   -7.456
  155.16 195.854    0.15 198.057 -118.512 322.605 -146.704 -101.319  -32.637 -126.709 -190.781 -153.632  -294.44  -277.04   -6.586
   155.2 195.018    -0.57 194.091 -117.512 319.555  -147.01 -105.309   -33.33 -123.345  -191.96 -145.173   -294.8 -278.288   -5.573
  155.24 194.137   -0.544  191.87 -115.047 316.375 -147.108 -104.644  -41.463 -120.044 -192.045 -137.248 -299.571 -278.347   -4.535
  155.28 191.803   0.056 189.348 -116.659 313.473 -147.499 -104.644  -42.779   -116.9 -192.998 -129.445 -300.372 -279.473   -3.627
  155.32  189.25   0.338 188.885 -124.388 310.225 -147.635  -105.96  -42.779 -113.355 -194.068 -121.386  -302.03 -279.791   -2.594
  155.36 187.533    0.26 186.923 -124.118 307.011 -147.838  -99.378   -38.83 -110.321  -194.06 -112.476 -302.441 -280.427   -1.655
   155.4 186.123   0.366 181.999 -122.161 303.327 -147.816 -103.327  -40.146 -106.202 -192.754 -103.743 -303.394 -280.651   -0.453
  155.44  184.31   0.834 180.931 -121.202 299.695 -147.835 -104.936  -43.452  -77.002 -192.834  -95.527 -302.839 -281.836   0.328
  155.48 182.435   0.776 177.942 -121.733 296.891 -147.809  -103.41  -50.011  -74.369  -194.15  -87.418  -303.03  -283.03   1.485
  155.52 180.892   1.175 172.697 -120.618 293.902  -147.78 -100.695  -40.146  -84.899  -194.15   -78.51 -302.916 -282.794   2.998
  155.56 180.359   1.495 165.029 -112.995 292.081 -147.775 -100.695  -45.411  -78.318 -188.885  -69.748 -301.568 -281.495   3.941
   155.6 179.469   1.966 166.978 -115.109 290.585 -147.968 -103.327  -45.411  -71.737 -191.517  -60.705 -300.753 -281.452   5.505
  155.64 179.949   2.318 165.226 -114.911 288.703 -147.793 -102.145  -45.411  -66.558 -190.845  -52.104 -298.616 -281.098   7.146
  155.68 179.769   2.406 162.378 -113.039 287.225 -147.539 -101.287  -43.617  -60.688 -188.771  -43.828  -297.52 -280.453   8.544
  155.72 179.936   3.202  160.09  -111.99 285.664 -147.579 -100.695  -46.728  -55.607 -186.969  -35.587 -296.778 -279.578  10.014
  155.76 179.696   3.558  156.93 -110.456 282.122 -146.891 -101.324  -52.055  -50.552 -185.889  -28.371 -292.379 -278.741  11.453
   155.8 179.882   3.464 155.746 -110.466 280.473 -146.905  -98.062  -44.095  -45.623 -184.621  -20.211 -291.623 -277.337   13.18
  155.84 179.881   3.473 154.123 -110.093 279.397  -146.62 -100.695  -44.095  -40.313 -183.456  -12.361 -289.682  -275.99  14.764
  155.88 179.282   4.226 153.393 -110.553  276.21 -145.845  -99.071  -60.386  -35.842 -182.104   -4.562 -287.872 -275.445  16.236
  155.92 179.143   4.292 152.639 -109.789 274.559 -145.781  -95.032  -61.647  -31.006 -181.954   3.417 -286.428 -273.924  18.153
  155.96 179.116   4.225 149.768 -108.518 271.751  -144.94  -92.411  -59.504  -26.057 -180.581  10.601 -284.518 -273.511  19.667
     156 178.888   4.272 147.745 -108.481 270.272 -144.743  -94.113  -48.044   -21.48 -177.986  18.449 -283.861 -272.932  20.903
  156.04 179.068    4.55 146.232 -107.981 268.994 -144.749  -96.746  -46.728  -17.607 -176.479  25.531 -282.245 -272.245  22.736
  156.08  178.66   5.012 145.303 -107.989 267.296 -144.462  -94.796  -45.857  -13.604 -176.276  32.587 -280.906 -271.397  24.207
  156.12 178.425   5.361  143.97 -108.071  265.84  -144.58  -95.941  -32.647   -9.893 -175.595  38.637   -277.8 -270.963  25.693
  156.16 177.989   5.267 142.457 -108.532 263.134 -143.501  -94.711  -31.767   -6.042 -175.797  44.526 -275.253 -269.672  27.167
   156.2  178.02   5.293 145.434 -112.514 261.512 -143.675  -92.463  -31.245   -3.704 -173.831  53.524 -287.305 -268.538   28.86
  156.24 177.388   5.693 144.121 -112.276 258.481 -143.063  -89.955  -33.138   -0.653 -173.195  59.659 -285.354 -268.119  30.464
  156.28 177.966   5.417 142.116 -111.365  256.95 -142.763  -89.744   -32.89   2.247 -172.268  66.393 -287.396 -266.877  32.053
  156.32 178.093   5.423 139.959 -110.325 255.013 -142.762  -89.613  -32.739   4.233 -171.547  71.714 -281.646  -264.84  32.886
  156.36  177.04   5.156 138.047 -109.722 251.648 -142.072  -88.668  -32.594   7.264 -172.288  78.635  -282.64 -264.221  34.207
   156.4 176.989   5.299 128.001  -97.747 249.689 -141.992  -87.675  -33.578   9.156 -171.817  86.395 -288.199 -263.491   36.03
  156.44 177.137   4.745  123.26  -94.127 247.552  -141.98  -88.729  -31.613  10.301 -170.908  98.506 -302.147 -263.439  37.677
  156.48 177.886   4.331 121.916  -94.321 245.964 -141.773  -85.968  -33.826  12.253 -170.696 105.678 -299.625  -262.07  38.998
  156.52  178.67   4.183  119.98  -93.374 243.818 -141.762  -85.847  -33.837  14.023 -171.445 112.588 -297.097 -261.437  39.715
  156.56 178.268   4.455 118.382  -92.982 241.913 -141.678  -85.957 -40.9405  15.138 -171.538 118.409 -292.255 -259.245  41.049
   156.6 177.447   3.964 122.127 -101.078 239.498 -141.016  -91.481  -48.044   16.96 -171.533 124.534 -288.242 -257.598  41.845
  156.64 177.302   4.322 116.087  -93.464 237.973 -140.726  -90.511  -48.038  18.057   -170.7 111.225 -259.963 -256.249  42.979
  156.68 177.198   4.413 114.126  -92.297 235.507 -139.949  -89.492  -47.982  19.166 -169.936 114.291 -256.686 -255.907  45.431
  156.72 177.321   4.594 113.242   -91.32 233.098 -138.979  -89.493  -47.836  20.177 -168.949 116.638 -252.789 -254.378  46.902
  156.76 178.107   4.374 110.443  -89.343 230.917 -137.873  -86.599  -48.167  21.442 -168.373 118.601 -248.637 -252.472  47.903
   156.8 178.502   4.069 106.469  -87.262 228.832 -137.114  -85.489  -55.021  22.451 -167.398 120.532 -244.939 -251.669    49.5
  156.84 179.159   4.642 104.484  -85.349 227.112 -135.831   -84.35  -53.841  23.468 -165.807 121.871 -241.004 -249.352  51.051
  156.88 178.961   4.458 102.448  -83.407 224.935 -134.887  -83.376  -52.956  24.527 -164.455 102.616  -228.79 -247.635   51.56
  156.92 179.649   4.405 102.736  -83.286 223.315 -133.877  -83.349  -52.833  25.481 -162.654 104.512 -225.798 -246.313  53.908
  156.96  178.59   5.336 100.927  -81.387  221.17 -132.863  -87.532  -42.779  26.573 -161.295 123.071 -228.373  -245.36  55.771
     157 179.095   5.487  90.875  -65.451 219.172 -131.883  -82.267  -41.463  28.101 -160.556 107.136 -221.057 -244.349  57.593
  157.04 178.986   5.534  90.189  -64.484 218.681 -131.598  -82.267  -40.146  29.227 -159.679 109.496 -217.945 -242.648  58.669
  157.08 179.165   5.638  88.996  -63.427  216.73 -130.759  -84.899  -34.881  29.223 -157.608 107.723 -214.151 -240.933  59.527
  157.12 179.014   5.459 102.011  -78.318 214.403 -129.974  -84.274  -33.907  30.302 -156.634 109.984 -211.126 -238.795  60.704
  157.16 178.728   5.475  98.062  -69.104 212.472 -129.102  -84.365  -33.043  31.069 -157.623 104.204 -208.037  -236.78  61.743
   157.2 170.457   7.239 127.258  -82.496 209.573 -128.105  -83.681  -35.593  20.402 -158.611   103.2 -205.015 -236.139  63.758
  157.24  173.09   7.239 103.327  -74.369 209.017 -127.789  -83.532  -34.613   21.41 -157.425 101.245  -202.02 -234.667  64.491
  157.28 171.773   5.923 102.682  -73.073 206.816 -126.888  -82.783  -34.159  22.369 -156.474 103.948 -200.003  -232.62  65.156
  157.32 177.038   7.239 102.279   -70.19 205.668 -126.833  -82.847  -33.354  22.448 -154.916 105.624 -197.898 -230.756  65.523
  157.36 177.038   7.239 100.926  -68.473 203.276 -125.833   -81.93  -33.992  22.377 -152.791 103.379  -195.03 -229.506  66.489
   157.4 177.046   7.206  99.754  -68.297 201.886 -125.838  -81.955  -33.796  22.698 -151.598 105.283  -193.02 -227.605  66.662
  157.44 177.266   6.959  97.224  -66.886 200.789 -125.894  -81.832  -35.734  23.018 -150.707 105.256 -191.016 -226.386  67.513
  157.48  177.72   6.526  95.898  -66.083 199.718 -125.789  -81.676  -34.226  24.262 -149.312 105.498 -188.995 -224.864  67.709
  157.52 178.714   5.459  95.599  -65.289 198.645 -125.683  -80.159  -49.207   24.19 -147.449 105.389 -186.998 -222.731  68.361
  157.56 178.695   5.326  94.384  -64.078 196.011  -124.87  -80.817  -48.777   24.28 -146.279 101.882 -184.037 -221.339   69.01
   157.6 178.508   5.672   92.92  -61.999 194.386 -124.718   -80.77  -48.841  24.329 -144.351  98.435  -180.95 -219.496  69.059
  157.64 178.163   5.216  92.089  -61.099 192.602 -124.923  -80.749  -48.653  24.622 -142.468  97.833 -179.027 -218.397  69.848
  157.68 179.019   4.761  90.421  -60.301 191.429 -124.868  -80.865 -43.7415  24.561 -140.843   91.11 -175.023 -216.812  69.834
  157.72 179.919   4.174  88.772  -58.386 190.198 -124.753  -79.634   -38.83  25.024 -139.438  90.175 -173.012 -215.401  70.873
  157.76 181.145   3.261  88.547  -57.332  187.36 -123.829  -79.634  -41.463  25.404 -137.892  89.153 -171.025 -214.068  71.837
   157.8 182.105   2.413  88.549  -57.003 185.898 -123.877  -80.951  -36.197   2.224 -119.316  88.038 -169.047 -213.185  72.634
  157.84 183.038   1.239  88.556  -56.041 184.503 -123.944  -82.267  -40.146  23.035 -130.969  86.774  -167.05 -211.743  73.038
  157.88 185.139   -0.458  80.618  -58.325 183.143 -123.751  -80.951  -37.514  23.282 -129.145  83.497 -163.925 -210.755  73.891
  157.92  185.25   -0.611  80.599  -57.104 181.942 -123.813  -81.703  -37.582  23.293 -127.102  80.136 -160.983 -209.614  74.774
  157.96  186.23   -1.439  80.436   -56.02 180.775 -123.749   -81.74  -37.561  24.175 -125.074  80.867 -160.036 -208.316  75.942
     158 186.356   -1.523  80.344  -55.344 179.255 -123.623  -80.951  -38.573  24.271 -123.023  75.313 -155.962 -207.023  77.015
  158.04 187.171   -2.707  80.663  -50.344 178.053 -123.687   -80.88  -37.304   25.38 -121.385  127.02  -173.09 -206.358  77.795
  158.08 187.964   -4.133  80.546  -49.201 176.752 -123.797  -79.872  -34.894  25.064 -119.482  74.246 -152.957  -205.65  78.657
  158.12 188.783   -4.947  79.895  -47.701  174.94 -123.702  -79.931  -33.949   25.03 -117.879 119.122  -173.09 -204.615  79.653
  158.16 189.171   -4.857  80.425  -49.962 173.686 -123.812   -78.27   -33.26  25.046 -115.643 121.755 -177.038 -204.236  80.635
   158.2 190.331   -5.511  80.193  -49.103 171.766  -123.79  -83.738   -29.69  25.165 -113.758 121.584  -176.02 -203.374  81.686
  158.24 190.824   -6.722  80.279  -47.302 170.134 -123.589  -83.497  -29.358  24.872 -111.837 122.721 -174.969 -202.779  82.559
  158.28 191.149   -6.724  79.142   -46.24 168.143 -123.688  -81.978  -29.726  24.857 -109.972 118.506 -174.882  -201.24  83.043
  158.32 191.529   -6.375  78.989  -45.465 166.438 -123.985  -81.495  -30.406  24.892 -107.775 119.002 -173.999 -201.465  83.779
  158.36 191.847   -6.939  78.451  -42.156 164.832 -123.872  -80.576  -30.105  24.958 -106.508 120.369 -172.916 -201.097  84.675
   158.4 192.223    -6.88  76.498  -42.853 162.752 -123.909  -77.607  -27.181  25.098 -104.971 115.595 -172.934  -200.37  85.485
  158.44 193.095   -7.655  76.426  -41.834  160.88 -123.909  -76.865  -27.528  25.142   -103.7 117.675 -171.904  -199.88  85.754
  158.48 193.782   -8.645   76.44  -41.229  158.96 -123.901  -81.191  -11.265  24.006 -101.161 113.897 -171.955 -199.563  86.465
  158.52 194.011   -9.471  76.221  -40.134 156.829  -123.99  -80.379  -11.946  23.933  -99.039 110.861 -171.947 -198.738  86.771
  158.56 194.408   -9.495  76.458  -38.911 155.546 -124.958  -65.155  -26.984  22.967  -97.962 112.672 -170.932 -197.474  86.994
   158.6 194.711  -10.092    90.4  -44.266 154.117 -125.515  -58.574  -41.463  22.936  -97.209 109.568 -170.938  -197.08  87.269
  158.64 195.069  -10.148  90.201  -44.495 152.175 -125.756  -58.194  -40.454  22.942  -96.015 113.561 -169.919 -197.433  87.544
  158.68 196.138  -10.436   90.15  -43.554 150.899 -126.615  -57.243  -39.652  22.902  -94.601 111.695 -169.977 -195.696  87.875
  158.72 196.092  -10.778  90.226  -43.557 148.691 -127.073  -56.922  -39.177  22.937  -93.559 113.438 -169.978 -195.155  87.909
  158.76 197.123  -10.989  90.557  -43.538 146.813 -127.047  -55.933  -37.629  22.529  -92.783 118.579 -170.026 -195.023  87.862
   158.8 198.082  -11.521  91.669  -45.067 145.175 -127.611  -55.878  -36.643  21.411  -91.722 118.508 -170.743 -194.435  87.232
  158.84 198.205   -11.37  92.931  -44.532 142.803 -128.108  -55.563   -36.05  21.078  -90.403  79.634 -169.141 -192.909  86.694
  158.88 198.134  -10.994  93.192  -43.477 140.637 -128.195   -54.69  -35.337  20.861  -89.587  77.002 -174.406 -192.618  86.567
  158.92 198.204  -10.773  92.884  -43.441 139.094 -128.582  -53.515  -35.483  20.402  -90.165   87.21  -170.83 -192.319  86.455
  158.96 198.894  -11.777 109.074  -50.446 136.804 -129.074  -52.829  -36.123  24.351  -82.267  77.002 -175.722 -191.712  85.876
     159 199.056  -11.249  82.267  -32.249 134.944 -129.599  -51.842  -35.592  23.035  -87.532  78.318 -171.773 -191.571  85.546
  159.04 199.105  -11.046  86.216  -36.197  132.98 -129.824  -51.089  -35.186  24.351  -84.899  75.636 -171.724 -191.472   85.39
  159.08 199.383  -10.795  88.848  -37.514   130.9 -130.396  -51.253  -35.107  24.412  -84.764  72.242 -171.865 -190.267  84.854
  159.12 200.289  -11.663  83.583  -32.249 128.884 -130.549  -50.993  -35.481  24.394  -83.789   69.38 -171.837 -190.357  84.533
  159.16 201.334  -12.439  83.407  -32.085 127.094 -130.443  -50.665  -35.363   22.61  -82.816  65.647 -171.792 -189.616  84.451
   159.2 201.232  -12.271  83.575   -31.84 124.789 -131.608  -50.744  -34.604  22.492  -82.832  62.441 -171.844 -189.592  83.562
  159.24 202.194  -13.298  86.613  -35.232 122.869 -131.517  -50.193  -33.236  22.445   -82.84  59.117 -171.928 -190.137  83.103
  159.28 202.578  -14.211  86.911  -35.186 121.131 -132.361  -49.845  -33.416  21.499  -81.956  55.817 -171.784 -190.455  82.762
  159.32 202.656  -14.169  87.052  -35.965 118.887 -133.711  -49.719  -33.255   21.45  -81.937  52.437 -171.787 -190.561  81.911
  159.36 203.819  -14.778  87.433  -36.877 116.744 -134.095  -49.472   -32.78  21.407  -81.938  49.236  -171.82 -190.139  81.911
   159.4 204.846  -16.766  87.797  -37.082  114.55 -134.875  -49.532  -32.645  21.385  -81.943  45.391 -171.818 -190.686  81.088
  159.44 205.181   -16.71  88.275  -37.272  112.58 -136.261  -49.544  -32.606  20.484  -81.936  44.468  -172.69 -190.317  80.269
  159.48 205.892  -18.527  88.923  -37.146 110.763 -136.668  -49.462  -32.419  20.202   -83.04  30.932 -178.355 -190.553  79.417
  159.52 205.953  -17.954  94.583  -39.003 108.117  -136.59  -49.478  -32.239  20.298  -82.955  25.667 -178.355 -190.249  78.953
  159.56 206.122  -20.193  93.644  -39.891  105.88  -137.41  -49.554  -31.537  20.628  -83.663  32.607 -172.768 -191.425  78.703
   159.6 206.944   -19.96  87.532  -34.881 103.447 -138.196  -49.535  -30.531  23.035  -78.318  23.035  -173.09 -190.665  77.655
  159.64 207.493  -20.522  86.216  -33.565 101.655 -138.863  -49.518  -30.512  23.035  -82.267  23.035 -174.406 -191.425  76.888
  159.68 207.868  -21.409  88.848  -36.197  99.847 -139.412  -49.521  -30.455  21.718  -80.951  21.718  -173.09 -191.752  76.365
  159.72 209.026  -22.584  98.756   -14.26   97.62  -140.08  -49.515  -30.442  16.453  -84.899  18.012 -172.987 -192.185    76.1
  159.76  209.74  -23.581  99.529  -15.185    95.6 -140.922  -49.515  -30.442  13.821  -90.165  14.463 -173.155 -192.557   74.77
   159.8  210.09  -23.769  99.465  -15.837  93.532 -141.881  -49.464   -30.64  13.753  -91.099  10.836 -173.045 -192.972  74.898
  159.84 210.165  -24.106  99.482  -16.928  91.565 -142.869  -50.637  -30.701  13.169  -92.027   7.361 -173.243 -193.644  73.948
  159.88 211.134  -24.836   99.48  -17.918   89.59 -143.877  -50.605  -30.661   12.92   -92.96   3.783 -173.063 -194.235  73.639
  159.92 212.276  -25.937 100.483  -18.958  87.898 -144.924  -50.455  -30.378   12.95  -93.991   1.245 -174.171 -195.162  72.814
  159.96 213.503  -26.373 100.502  -20.872  92.122 -117.277   -50.56  -30.737  12.674  -94.709   -0.507 -175.118 -195.324   71.68
     160 214.051  -27.316 100.952  -22.224  90.716 -118.847  -50.566  -30.699  12.639   -95.56  33.606 -189.116 -195.978  70.951
  160.04  214.23  -27.491 100.815  -23.618  89.579 -119.773  -49.624  -32.275  11.968  -96.379  30.709 -190.053 -196.257  70.162
  160.08 214.905  -27.913 100.888  -25.417  87.916 -121.329   -49.69  -32.567  10.819  -97.207  -61.207 -162.559 -196.377  69.044
  160.12  216.04  -28.823 100.744  -27.374  77.925 -150.507  -49.712   -32.59  10.131  -98.294  -21.718 -152.029 -197.149  68.755
  160.16 216.598   -29.73 100.988  -30.521   75.49 -151.516  -50.517   -31.93   8.543  -98.839   -17.77 -149.397 -197.578  67.833
   160.2 217.154  -30.084 104.622  -30.915  73.025  -152.82  -50.676  -36.197   8.697  -99.979  -19.349 -150.528 -198.065   66.97
  160.24     218  -30.872 104.056  -32.883  71.408 -154.056  -54.625  -32.249   7.842 -100.942  -20.845 -151.589 -199.009   66.18
  160.28 219.081  -27.731 104.215  -35.061  69.125 -155.444   -49.36  -29.616   7.617 -101.891  -23.492 -153.267 -200.323  65.756
  160.32 219.376  -29.947 104.309  -36.248  67.867 -156.758  -51.993  -26.984   7.748 -102.453  -24.811  -154.42 -201.891  64.516
  160.36 220.089   -30.52 104.316  -39.206  66.108 -157.887  -52.055  -27.958   4.911 -104.282  -26.528  -155.76 -202.719  64.533
   160.4 220.241  -31.136 103.668  -41.251   63.91 -159.551  -52.612   -27.56   4.568 -105.176   -29.13 -157.153 -204.095  63.706
  160.44 220.215  -31.025 103.756  -43.456  62.096 -160.715   -53.91  -26.863   -6.305 -113.182  -86.216 -161.243 -203.867  62.431
  160.48 220.867   -31.39 104.291  -46.997  60.498 -161.914   -55.88  -26.813   3.291  -96.746  -84.899 -157.294 -204.244  62.079
  160.52 221.277  -32.834 102.813  -49.433  59.696 -162.816   -54.32  -29.167   -7.937 -115.444   -59.89 -162.559 -204.685  61.553
  160.56 221.192  -32.846  102.46  -51.298  58.964 -163.713  -59.212  -26.412   -8.917 -115.295  -87.532 -155.978 -205.645  60.694
   160.6 221.184  -33.525 104.631  -54.118   57.82 -164.893  -59.727  -25.931  -10.151 -115.392  -58.574 -167.824  -206.59  59.877
  160.64 222.014  -33.953 105.635  -56.153  56.732 -165.322  -61.245  -26.356  -10.826 -116.083  -63.839 -165.192 -208.331  59.848
  160.68 222.707  -33.783  105.64  -57.637  54.884  -166.76  -61.991  -27.096  -11.988 -116.189   -64.96 -166.063 -208.443  59.097
  160.72 222.901  -33.785 105.621  -59.375  73.684 -140.032  -63.343  -27.382  -12.398 -117.134   -65.94 -167.112 -209.563  57.906
  160.76 223.265  -35.347 107.337    -60.3  48.044 -180.987  -64.263  -27.111  -12.778 -118.275   -66.83 -168.115 -211.077   57.85
   160.8 223.178   -35.53 109.572  -60.283   49.36 -184.936  -48.144  -39.025  -14.299 -118.328  -67.595 -169.192  -212.72   56.81
  160.84 223.177  -35.509 110.581  -61.352   49.36 -184.936  -48.125  -40.109  -15.006 -118.718  -68.006 -170.165 -213.716  55.748
  160.88 224.152  -35.595  111.44  -63.002  50.676  -183.62  -48.149  -40.162  -17.443 -119.027  -69.676 -172.099 -215.595  55.363
  160.92 224.705  -35.502 112.529  -65.141  54.625 -182.303  -49.347  -39.443  -18.261 -119.807  -65.721 -146.175 -216.241  54.794
  160.96 225.194  -35.789  113.84  -67.985  70.048 -150.853  -49.743  -39.033  -19.757 -119.867  -77.002 -149.397 -218.139  54.725
     161 225.152  -36.224 142.176  -57.279  70.042 -152.228  -50.749  -38.821  -22.043  -120.79  -86.216 -154.662 -220.262  53.664
  161.04 224.739  -35.994 142.439  -58.764  69.316 -153.464  -52.852  -38.793  -24.072 -121.559  -90.222 -153.899 -222.181  53.046
  161.08 223.525  -32.536 141.992   -61.11  67.468 -155.655  -54.444   -39.27  -26.403 -121.494   -93.95 -152.918 -225.358  51.449
  161.12 221.863  -32.534 141.563  -62.595  65.492 -157.271  -56.206  -39.987  -29.212 -122.291  -98.172 -152.549 -228.101  50.487
  161.16 220.845  -33.694 141.555  -65.166  64.824 -159.078  -58.154  -39.783  -33.297 -123.186 -102.063 -151.873 -230.378  48.885
   161.2 219.842  -35.876 141.038  -67.983  63.257 -161.207  -60.696  -39.705  -40.101 -125.414 -106.064 -150.809 -233.217  47.453
  161.24 218.115  -35.032 140.329  -70.073   62.82  -163.05   -63.12  -40.073  -33.565 -100.695 -110.424 -150.163 -235.435  46.216
  161.28 217.164  -36.069 140.294  -72.099  61.828 -165.365  -64.649   -39.89  -37.514 -103.327 -114.168 -149.768  -238.22  45.157
  161.32 216.026  -37.208 140.362  -74.249  61.018  -168.24  -68.258  -39.356  -33.565  -105.96 -117.946 -149.072 -240.983  43.957
  161.36  215.31  -38.338 141.386  -79.127  61.385 -170.356  -69.773  -39.771  -34.881 -103.327 -121.989 -148.042 -243.131  42.172
   161.4 214.342  -39.341 139.521  -84.288  62.142 -172.212  -72.258  -39.316  -37.843 -103.391  -126.13 -147.322 -244.581  41.054
  161.44 212.095  -37.745  139.21  -86.018  61.863 -173.997  -73.063  -39.405  -39.903 -104.318 -128.702 -145.496  -246.32  39.897
  161.48 210.021  -35.596 139.515  -87.696  62.938 -176.408  -75.024  -39.032  -41.985 -105.177 -131.408 -144.393 -248.234  38.047
  161.52 208.117  -35.474 151.287  -68.492  62.823 -179.921  -77.116  -38.729  -44.263 -105.701 -134.864 -143.741 -251.587  37.505
  161.56 206.391  -35.634 141.449  -90.203  63.619 -182.999  -79.841  -39.625  -47.128 -105.716 -138.203 -142.572  -253.49  35.952
   161.6 204.335   -34.82  142.51  -93.249  65.238  -186.24  -81.613  -39.967  -49.831 -106.672 -141.899 -141.642 -255.319  34.005
  161.64 202.915  -35.044 142.128  -97.009  66.922 -189.174  -83.745   -39.39  -52.332  -107.14 -143.959 -139.934 -258.089  32.972
  161.68  201.85  -36.561 142.523  -99.244  69.077 -192.329   -86.08  -38.752  -54.768 -107.352 -147.933 -139.719 -260.261  32.054
  161.72 200.165    -36.9 141.373 -106.279  71.171 -196.294  -87.422  -38.936  -58.023 -107.442 -148.499  -137.48 -262.418  30.928
  161.76 199.245  -38.101 141.245 -109.775  72.918 -200.248  -88.707  -38.487  -60.763 -108.373  -152.38 -137.402 -265.024  30.123
   161.8 197.224  -37.558 142.106 -112.119  75.668   -204.2  -90.884   -38.51  -62.942 -108.531 -154.391 -135.807 -267.451  27.793
  161.84 195.772  -38.119 144.076 -114.142  78.313 -208.494  -92.882  -38.638  -65.809 -109.582  -156.51 -134.626 -269.229   27.06
  161.88 194.076  -37.752 145.022 -116.814  81.047 -212.325  -96.482  -39.957  -68.475 -109.747 -160.555 -134.291   -271.3  26.175
  161.92 192.901   -39.47 145.658 -122.056  84.991 -215.485  -98.426  -40.086  -71.395  -110.16 -162.348  -133.52 -273.223  23.959
  161.96 190.943  -39.871 146.266 -125.125  87.612 -219.876  -99.782  -39.921  -74.668 -111.244 -165.362 -132.567 -275.382  22.288
     162 188.924  -40.836  145.08 -132.077  91.911 -224.062 -101.708    -40.6  -78.556 -111.321 -169.929  -131.64 -274.187  20.296
  162.04 187.619  -42.182 146.737 -134.559  94.912 -228.254 -103.575  -40.661  -81.408 -111.321 -172.182 -130.548 -277.079  18.716
  162.08 185.603  -43.187 147.237 -137.912  98.352 -232.664 -104.498  -40.713  -83.902 -112.293 -173.604 -129.748 -279.609  17.803
  162.12 182.668  -42.089 148.296  -141.06 101.612 -236.035 -106.702  -40.338  -86.491 -113.171 -175.283 -128.852 -281.587  16.652
  162.16  179.11  -42.006 150.433 -143.093  105.83 -240.058 -109.977  -40.087   -89.93 -113.393 -147.375 -114.754  -283.36  14.947
   162.2 177.318  -43.977 153.735 -145.457 109.361  -244.52 -112.829  -40.001  -92.885 -114.312 -182.263 -127.708 -285.476  12.159
  162.24 175.206  -45.032 156.045 -145.429 113.023 -248.925 -114.622  -39.913  -94.964 -115.131  -186.18  -127.39 -287.568   9.826
  162.28 172.426  -45.699 158.727 -148.354 118.009 -252.519 -115.995   -39.11  -98.675 -115.446 -188.149 -126.792 -301.507  19.582
  162.32  170.39   -46.61 160.632 -149.214  122.88 -255.908 -118.229  -38.101 -100.282 -116.454 -191.916 -126.763 -303.617   17.62
  162.36 168.098  -47.726 160.441 -152.076 129.679 -260.061 -120.025  -38.081 -103.808 -117.196 -194.816 -125.858  -303.38  17.036
   162.4 166.064  -49.148 160.127 -155.287 138.753 -263.896 -122.742  -38.345 -106.868 -117.314 -198.439 -125.531 -304.412  15.899
  162.44 163.713  -50.503  164.77 -156.619 148.186 -267.602 -123.025  -38.072 -110.208 -117.631 -201.027 -124.874 -306.341  13.905
  162.48 161.878   -51.45 171.676 -155.407 158.176 -270.461  -126.03  -37.917 -114.623 -117.934 -207.581 -124.853 -308.794  11.816
  162.52 159.685  -52.549 177.308 -158.324 167.727 -272.783 -127.043  -37.996 -117.998  -118.21 -214.134 -121.517 -309.821    2.98
  162.56 169.141  -69.104 142.815 -190.201 177.782 -274.845 -127.873  -37.944 -122.152 -118.552 -216.487 -119.566 -311.422   1.456
   162.6 167.824  -66.472  137.55 -191.517 187.963 -276.373 -130.251  -38.315 -122.219 -120.384  -217.83 -118.177 -311.538   2.679
  162.64 169.141  -58.574 141.499 -188.885 197.667 -277.142 -132.084    -38.6 -124.719 -121.003 -221.205  -117.81  -311.58   0.155
  162.68 169.141  -73.053 140.183 -188.885 206.929 -277.879 -133.465  -38.428  -127.25 -121.332 -224.337 -117.706 -317.257   -2.826
  162.72 168.371  -73.563 142.183 -190.885 216.094 -278.712 -135.777  -38.721 -129.937 -121.483 -226.107 -116.866 -318.585   -4.981
  162.76 167.328  -74.736 143.154 -193.752 225.186 -278.518 -136.445  -38.813 -132.074 -122.471 -228.222 -115.744 -319.476   -6.882
   162.8 163.163   -73.07 148.677 -202.687 233.615 -278.206 -137.636  -38.815  -133.71 -123.142 -232.141 -116.819 -321.905   -7.961
  162.84 163.433   -74.83 152.004 -204.885 241.845 -278.296 -139.746  -38.606 -137.361 -123.802 -234.123 -115.836 -321.406  -10.002
  162.88 161.548  -75.795 154.905 -200.727 249.354 -278.172 -165.192  -19.086 -139.505 -124.315 -236.061 -114.953 -322.328  -11.877
  162.92 170.383  -82.951 156.536 -202.906 256.446 -278.148 -161.243  -24.351 -142.245 -124.577 -240.161  -115.77 -322.856  -13.841
  162.96 171.278   -85.09 159.559 -202.346  263.86 -277.081 -161.243  -23.035 -144.065 -126.001 -241.866 -115.064 -324.041  -15.047
     163 171.651  -87.364  165.25 -203.017 271.166 -276.586 -174.406  -12.505 -146.152  -127.21 -246.031 -115.859 -319.825  -17.226
  163.04 172.529  -88.942 168.091 -203.916 277.803 -275.401 -162.559  -24.351 -148.105 -128.235 -248.705 -116.027 -312.417  -16.768
  163.08 171.312  -89.027 169.337 -206.657 284.704 -274.043  -129.92  -19.086 -150.917  -128.62 -251.846  -115.97 -312.035  -18.656
  163.12 152.446  -79.174 171.865 -207.741 291.335 -272.538 -174.406  -13.821 -152.799 -129.013  -254.79 -115.972 -325.548  -22.804
  163.16 152.281  -80.109  174.64 -207.432 296.922 -270.974 -175.449  -14.712 -156.964 -129.485 -255.983  -114.95 -325.524  -24.932
   163.2  151.12  -81.118 177.187 -207.668 302.964  -270.14 -176.444  -14.781 -158.729 -130.119 -258.958 -114.951 -324.202  -26.341
  163.24 159.927  -88.848 179.962 -208.277 308.918 -268.315  -177.49  -14.808 -160.886 -131.229 -261.914 -114.955 -324.824  -28.513
  163.28 166.508  -91.481 181.156  -206.23 314.342 -267.583  -178.37  -15.569 -162.824 -131.239 -263.341 -113.811 -324.865  -30.347
  163.32 167.824  -90.165  183.83 -205.667 319.093 -266.093  -180.36  -16.749 -164.769 -133.039 -267.466 -114.778 -324.867  -32.293
  163.36 165.192   -95.43 195.005 -217.072 323.147 -265.502 -180.207  -16.589 -167.439 -133.362 -270.193  -114.88 -326.196  -33.898
   163.4 164.159  -96.447  197.15 -215.566 327.252 -264.465 -180.527  -16.829 -170.866 -133.234 -273.019 -114.897 -327.329  -35.483
  163.44 162.069  -96.439 198.912 -214.332 330.893 -263.189 -181.564  -17.431 -173.964 -133.293 -275.829 -114.958 -327.606  -37.295
  163.48 161.056  -97.395 200.731 -209.945 334.601 -262.125 -182.807  -17.718 -177.338 -134.595 -278.931  -114.92 -327.672  -38.958
  163.52 161.188  -98.367 202.756 -194.848 336.886 -261.488 -183.454  -17.909 -179.253 -134.625 -281.951 -114.912 -327.335  -40.951
  163.56  159.56  -98.401 197.284 -203.797 339.079 -260.932 -183.536  -17.846 -183.238 -134.499 -284.833 -114.953 -326.877  -42.952
   163.6 159.293  -99.318 197.308 -201.007 340.675 -260.078 -185.368  -19.357 -185.759 -135.408 -288.125 -114.834 -329.205  -43.208
  163.64 155.444  -98.402 230.766 -223.776 342.739     -260 -185.469  -20.027 -188.671  -135.93 -291.073 -114.845 -329.673  -45.116
  163.68 152.605  -99.258 232.361 -221.577 344.391 -259.943 -187.536  -19.881 -192.096 -135.757 -294.036 -114.867 -330.131  -46.817
  163.72 149.967  -99.579 219.159 -213.894  345.93 -259.866 -188.306  -19.854  -195.21 -136.003 -296.875 -114.949 -330.563  -48.581
  163.76 148.089  -99.559 211.261 -208.629 346.684 -259.224 -189.386  -20.068   -197.2 -136.512 -300.036 -114.884 -323.652  -47.147
   163.8 147.029 -100.502 211.568 -206.267 347.535 -257.846 -190.098  -20.036 -199.692 -136.252 -302.977 -114.899 -323.134  -49.103
  163.84 146.584 -101.218 212.404 -204.543 349.334 -257.269 -191.386  -20.903 -203.112 -136.481 -306.034 -114.877 -323.712   -50.23
  163.88 144.974 -101.446 213.178 -202.873  350.34 -255.228 -192.413  -20.949 -204.961 -137.408 -309.184 -114.805 -323.374  -51.056
  163.92 143.831 -101.582 215.055  -202.68 351.837 -253.353 -193.305  -20.991  -208.84 -137.392 -312.082 -114.836 -323.841  -51.695
  163.96  142.52  -101.49 216.991 -202.758 353.736 -251.166 -193.754  -20.943 -212.366 -137.767 -321.828  -127.02 -324.013  -53.039
     164 141.034 -101.456 187.594   -180.3 355.561 -248.524 -195.669  -21.541 -214.993 -137.793 -321.828 -123.071 -325.096  -54.216
  164.04 139.548  -79.234 188.211 -180.349 357.782  -245.48 -196.751  -21.713 -216.559 -137.877 -323.144  -127.02 -325.703  -55.074
  164.08 144.132 -103.327 224.753 -206.213 359.697 -242.319 -196.648  -21.716 -218.532 -138.074 -321.828 -123.071 -325.839    -54.9
  164.12 138.322  -79.577 257.699 -228.152  362.03 -238.916 -197.689  -21.856 -221.104 -138.364 -324.971 -123.051 -325.206  -55.909
  164.16 138.309  -79.351 250.713 -221.392  363.96 -235.984 -198.734  -22.646 -223.783 -138.422 -325.416 -123.043 -325.068   -55.49
   164.2 137.488  -78.436 211.261 -178.355 365.183 -231.884 -200.462  -22.414 -227.187 -138.522 -330.581 -122.303 -325.564  -56.153
  164.24 136.472  -77.386 211.261 -177.038 366.224 -228.378 -200.432  -22.581 -229.777 -138.512 -331.667 -122.188 -325.492  -56.081
  164.28 135.403   -76.39 208.629 -177.038 367.615 -225.301 -201.115   -22.73 -232.004 -138.646 -334.629 -122.194 -325.877  -56.095
  164.32 135.346   -75.47 205.996 -171.773 369.126  -221.88 -201.268  -22.731 -233.963 -138.682 -337.499 -122.111  -326.83  -55.994
  164.36 134.631  -74.817 216.527 -179.671 369.792 -218.242 -202.291  -22.743 -235.999 -139.067 -340.865 -122.102 -326.515  -55.378
   164.4  148.08  -98.062 211.326 -191.245 369.584 -214.247 -202.486   -22.92 -239.105 -138.681 -343.894 -121.868 -327.721  -55.297
  164.44 144.132 -102.011 212.376 -191.217 369.853 -211.096 -204.032  -23.028 -241.224 -138.649 -345.591 -121.951 -327.773  -55.293
  164.48 141.499   -95.43 211.367 -190.213 370.359 -207.916 -203.829  -22.725 -242.983 -138.475 -345.959 -122.051 -327.977  -55.506
  164.52 150.713  -98.062 209.945  -173.09 370.869 -205.008 -203.585  -22.895 -238.903 -141.499 -348.478  -122.02 -328.417  -55.401
  164.56 150.508  -97.156 216.527 -179.671 370.967 -202.207 -204.029  -22.832 -237.587 -142.815 -349.108 -122.056 -328.325  -51.441
   164.6 150.563  -94.904 211.193 -188.279  370.92 -199.372  -205.14  -22.639 -246.801 -141.499 -350.753  -122.24 -328.957  -47.481
  164.64 149.667  -94.006 195.466 -170.457 370.758 -196.139 -205.641  -22.728 -237.587 -140.183 -350.156 -122.718 -329.956  -47.411
  164.68 148.675  -92.386 187.569 -169.141 370.782 -193.341  -206.07  -22.786 -238.903 -141.499 -349.277 -123.058  -330.33  -46.603
  164.72 148.475  -90.913 199.415  -173.09 371.221 -190.449 -206.367  -22.722 -242.852 -140.183 -352.144 -123.025  -330.51  -46.403
  164.76 148.105   -89.89 201.218 -180.259     371 -187.666 -207.282  -22.794 -238.903 -141.499 -353.365 -123.973 -331.314  -46.334
   164.8 147.538  -88.885 200.112 -178.756 370.839 -185.037 -207.717  -22.869 -241.082 -140.479 -353.777 -124.862 -331.697   -46.33
  164.84 146.744  -87.456 200.224 -178.017 372.454 -182.363 -207.624  -22.666 -242.994 -139.626 -354.641 -125.754 -332.317  -46.284
  164.88 145.414  -86.319 199.181 -176.866 370.813 -179.259 -208.771  -22.708 -245.174 -138.691 -353.041 -126.221   -332.7  -45.077
  164.92  145.31  -85.387 197.364 -175.369 369.904 -176.235 -209.898  -22.555  -246.83 -138.123 -353.218 -127.008 -332.365   -44.44
  164.96  143.76  -83.984 189.308 -169.251 369.713 -173.122 -210.491  -21.987  -248.86 -137.405 -354.375 -128.108 -333.624  -44.278
  165.00 127.656  -83.269  194.15  -173.09 369.727  -170.18 -213.295  -21.498 -250.794 -137.095 -354.885 -129.296 -337.701  -45.124
  165.04 126.843  -82.131 196.1245 -172.739 368.431 -167.449 -214.471   -21.58 -252.663 -136.249 -354.785 -130.203 -339.083  -45.172
  165.08 126.705   -81.24 198.099 -170.457 368.172  -165.48 -215.461  -21.589 -254.676 -135.386 -358.042 -131.801 -341.162   -45.04
  165.12 124.491  -79.266  194.15 -175.722 366.223 -163.052 -215.759  -21.488 -256.971 -134.685 -357.742 -133.064 -342.672  -44.964
  165.16 124.085  -78.114 193.145 -174.741 364.553 -160.258 -216.695  -21.475 -258.032  -134.26 -358.322   -133.9 -341.308  -43.396
   165.2 123.514  -76.709 192.231 -173.681 363.757 -158.206 -217.848  -19.734 -259.242 -133.569 -359.967 -135.029 -341.519  -42.305
  165.24 122.655  -75.344 191.517 -171.773 361.974 -156.147 -219.435   -19.44 -260.991 -132.666 -359.501 -135.335 -341.531  -41.324
  165.28 121.7    -73.8   194.15   -171.773 360.202 -154.106 -219.882  -18.935 -261.284 -132.253 -359.897 -136.035  -342.79  -40.966
  165.32 120.685  -72.229 197.936   -177.4 358.028 -152.298 -220.568  -18.769 -262.356 -131.505 -360.384 -137.101 -343.111  -40.551
  165.36 120.187  -70.455 191.517 -170.457 355.973 -150.907 -221.507  -19.055 -262.947 -131.116 -360.632 -137.996 -343.432  -39.497
   165.4 119.821  -69.014 189.673 -168.906 354.448 -149.409 -222.235  -18.901  -264.07 -130.226 -362.928 -139.881 -344.237  -38.453
  165.44 118.997  -67.891 188.104 -168.143 352.187 -147.944 -222.948  -18.689 -264.793 -129.498 -366.555 -142.055 -344.516  -37.485
  165.48 124.857  -66.968 172.972 -156.989 350.466 -146.382 -224.183  -18.407 -266.218 -129.423 -368.595 -143.997 -345.996  -37.089
  165.52 122.737  -65.532 171.331  -156.45 348.189 -145.223 -224.879  -18.478  -265.28 -128.562 -368.647 -145.157 -346.457  -36.292
  165.56 122.123  -63.643 168.825 -154.338 346.098 -144.062  -225.96  -18.519 -266.304 -128.466 -369.807 -147.131 -346.995  -35.623
   165.6 120.397  -62.007 167.318 -154.514  344.12 -143.121 -226.495  -17.671 -267.327 -128.317 -370.038 -149.193 -347.174   -34.61
  165.64 120.631  -60.819  166.49 -154.453 342.073 -142.081 -225.446  -16.173 -268.092 -128.172 -369.749 -151.125 -348.273  -34.124
  165.68  118.75  -58.942 161.186 -150.857 340.291 -141.304 -225.481  -15.998 -267.222 -127.547 -369.567 -153.197 -348.635   -33.37
  165.72 116.417  -57.281 159.581 -150.438  338.04 -140.455 -225.439  -15.966 -267.725 -127.624 -368.908 -155.046 -349.986  -33.157
  165.76 110.445  -55.186 158.398 -150.434 335.691 -140.063 -226.155  -16.627 -267.775  -127.34 -367.977 -157.112 -350.683  -33.148
   165.8 109.648  -54.111 155.894 -148.278 333.801 -139.398 -227.237  -16.776 -267.799 -127.397  -367.93 -160.092 -363.934  -37.077
  165.84 109.298  -53.268 154.945 -147.997 331.417 -139.184 -227.385  -16.739 -267.915 -127.467 -367.521 -163.286 -363.603  -35.887
  165.88 111.141  -51.073 153.621 -147.673 328.916 -139.045  -228.31  -16.784  -267.75 -127.473 -367.448 -166.429 -362.262  -34.358
  165.92 110.678  -49.922 159.927 -161.243 326.948 -139.037 -228.443  -16.703 -267.696 -127.514 -363.902 -167.075 -362.434  -33.399
  165.96 108.243  -48.872 159.153 -161.206   324.5 -139.045 -229.607  -19.652  -267.59 -127.528 -363.919 -171.031 -364.512  -33.084
     166 107.894  -48.003 158.314  -160.83 321.838 -139.092 -230.551  -19.864 -267.521 -127.686 -361.614 -173.296 -366.195  -33.198
  166.04 109.909  -44.095 146.777 -145.234 318.884 -138.996  -231.71  -20.235 -266.782 -127.497 -362.918 -179.011   -364.6  -31.435
  166.08 108.592  -44.095 153.346 -159.927 316.273 -139.054 -232.621  -20.224 -266.947  -128.28 -361.912 -182.807 -365.772  -31.167
  166.12 108.592  -45.411 151.367 -159.872 313.863 -139.241 -233.631  -20.939 -266.131  -128.33 -357.043 -182.806 -366.761  -31.004
  166.16 109.909  -41.463 151.305 -160.586 311.414 -139.359 -234.297  -21.589 -265.877 -129.345 -355.752 -187.123 -363.688  -29.228
